round  0 lamda  0.05
0.622009874184 	0.718360071301 	0.66672198832 	0.76724137931
0.675015363915 	0.665475836799 	0.670211656614 	0.724137931034
------------------------------------------------------------------------------
round  0 lamda  0.05
0.595835109406 	0.700579322638 	0.643975795138 	0.75
0.690758948654 	0.668337789661 	0.679363427072 	0.724137931034
------------------------------------------------------------------------------
round  0 lamda  0.05
0.753697936051 	0.715498118439 	0.734101420253 	0.76724137931
0.584520149738 	0.684647950089 	0.630634385403 	0.741379310345
------------------------------------------------------------------------------
round  0 lamda  0.05
round  0 lamda  0.05
0.740773662257 	0.714762824322 	0.72753583287 	0.76724137931
0.598633331242 	0.706407209348 	0.64807013697 	0.75
------------------------------------------------------------------------------
round  0 lamda  0.05
0.786159918513 	0.746434937611 	0.765782590726 	0.793103448276
0.634285263004 	0.711962764904 	0.670883047142 	0.76724137931
------------------------------------------------------------------------------
round  0 lamda  0.05
0.606216931217 	0.701502772826 	0.650388392663 	0.758620689655
------------------------------------------------------------------------------
round  0 lamda  0.05
0.581566193853 	0.660930382254 	0.618713603242 	0.715517241379
------------------------------------------------------------------------------
round  0 lamda  0.05
0.583896512146 	0.665475836799 	0.622022762634 	0.724137931034
------------------------------------------------------------------------------
round  0 lamda  0.05
0.567358567359 	0.645021291345 	0.603702466922 	0.715517241379
------------------------------------------------------------------------------
round  0 lamda  0.05
0.588989080266 	0.669285997227 	0.626575461905 	0.73275862069
------------------------------------------------------------------------------
round  0 lamda  0.05
0.684706180344 	0.685573876015 	0.685139753456 	0.73275862069
0.59642155033 	0.701693404635 	0.644788917419 	0.758620689655
0.598748769534 	0.687131115072 	0.639902551682 	0.73275862069
------------------------------------------------------------------------------

round  0 lamda  0.05
0.718740472778 	0.713814616756 	0.716269075962 	0.758620689655
0.590554935261 	0.684563775005 	0.634093928001 	0.73275862069
0.633620556175 	0.720843236284 	0.674423480099 	0.758620689655
------------------------------------------------------------------------------
round  0 lamda  0.05
0.624260029014 	0.686331451773 	0.653825846235 	0.75
0.582732082732 	0.70548375916 	0.6382595322 	0.741379310345
0.622252445622 	0.736143295702 	0.674423442512 	0.775862068966
------------------------------------------------------------------------------
round  0 lamda  0.05
0.642174659462 	0.716676569618 	0.677383251661 	0.758620689655
0.587515946212 	0.677975836799 	0.629512764307 	0.73275862069
0.569967793881 	0.67437858982 	0.617792733784 	0.73275862069
------------------------------------------------------------------------------
round  0 lamda  0.05
0.563184279489 	0.672695088136 	0.613087827909 	0.724137931034
0.610214646465 	0.685383244207 	0.645618362098 	0.741379310345
0.572978149065 	0.672147950089 	0.618613791168 	0.73275862069
------------------------------------------------------------------------------
round  0 lamda  0.05
0.573720413472 	0.677262824322 	0.621206577131 	0.741379310345
0.589862341742 	0.65983610616 	0.622890220275 	0.73275862069
0.573643574516 	0.667159338483 	0.616877448771 	0.73275862069
------------------------------------------------------------------------------
round  0 lamda  0.05
0.766374929418 	0.77179144385 	0.76907364975 	0.801724137931
0.583368020868 	0.668337789661 	0.622968896279 	0.724137931034
0.710289612921 	0.67233610616 	0.690791941748 	0.741379310345
------------------------------------------------------------------------------
round  0 lamda  0.05
0.715818953917 	0.716129431571 	0.715974159085 	0.76724137931
0.616508400378 	0.714381560705 	0.661846202358 	0.775862068966
0.579940188636 	0.673430382254 	0.623198520834 	0.724137931034
------------------------------------------------------------------------------
round  0 lamda  0.05
0.583045335637 	0.703609625668 	0.637678822517 	0.73275862069
0.582816193853 	0.665097048921 	0.621244037339 	0.715517241379
0.589626463185 	0.667790651614 	0.62627911681 	0.73275862069
------------------------------------------------------------------------------
round  0 lamda  0.05
0.725867465867 	0.696137849079 	0.71069188152 	0.741379310345
0.613097508263 	0.687698059022 	0.648258615001 	0.75
0.586424515201 	0.657521291345 	0.619941162199 	0.724137931034
------------------------------------------------------------------------------

round  0 lamda  0.05
0.61305851958 	0.719810853634 	0.662159676222 	0.741379310345
0.559236254888 	0.652975836799 	0.602481635034 	0.715517241379
0.567180504681 	0.672695088136 	0.615448101077 	0.724137931034
------------------------------------------------------------------------------
round  0 lamda  0.05
0.713743961353 	0.701671122995 	0.7076560543 	0.741379310345
0.576851851852 	0.672147950089 	0.620864453501 	0.73275862069
0.591681299822 	0.677975836799 	0.631895986396 	0.73275862069
------------------------------------------------------------------------------
round  0 lamda  0.05
0.758825174825 	0.729936621113 	0.744100615207 	0.76724137931
0.562341844951 	0.665475836799 	0.609577326338 	0.724137931034
0.644429824561 	0.641211130917 	0.642816448625 	0.706896551724
------------------------------------------------------------------------------
round  0 lamda  0.05
0.631213450292 	0.727705981382 	0.676033902526 	0.76724137931
0.599876314162 	0.695969498911 	0.644360021175 	0.758620689655
0.697634952767 	0.672147950089 	0.684654338195 	0.73275862069
------------------------------------------------------------------------------
round  0 lamda  0.05
0.6139108594 	0.710219845514 	0.658562895799 	0.75
0.720823899371 	0.676693404635 	0.698061880464 	0.741379310345
0.599924242424 	0.689193404635 	0.641467956168 	0.75
------------------------------------------------------------------------------

round  0 lamda  0.05
round  0 lamda  0.05
0.633846088652 	0.74679144385 	0.685698924706 	0.784482758621
0.557830687831 	0.655102495544 	0.602566210073 	0.715517241379
0.596611721612 	0.712321746881 	0.649352337575 	0.75
------------------------------------------------------------------------------
round  0 lamda  0.05
0.761546224358 	0.755671915231 	0.758597697828 	0.784482758621
0.570472452266 	0.658068429392 	0.611147608157 	0.715517241379
0.619780883368 	0.697883244207 	0.656517369685 	0.75
------------------------------------------------------------------------------
round  0 lamda  0.05
0.62989996115 	0.743003565062 	0.681792868663 	0.793103448276
0.60206261992 	0.669642503466 	0.634056925041 	0.724137931034
0.612556222343 	0.692602495544 	0.650124712713 	0.741379310345
------------------------------------------------------------------------------
round  0 lamda  0.05
0.622387469659 	0.73788869083 	0.675234468581 	0.775862068966
0.580423280423 	0.670021291345 	0.622012306113 	0.73275862069
0.610971172248 	0.70983610616 	0.656703525146 	0.76724137931
------------------------------------------------------------------------------
round  0 lamda  0.05
0.773912790108 	0.752262824322 	0.762934246572 	0.793103448276
0.601964693373 	0.683278867102 	0.640049507148 	0.75
0.601737382987 	0.694474153298 	0.644788366497 	0.758620689655
------------------------------------------------------------------------------
round  0 lamda  0.05
0.703494071146 	0.66187858982 	0.682052126966 	0.724137931034
0.618201243201 	0.688458110517 	0.651440880291 	0.75
0.609251336898 	0.690309962369 	0.647252680862 	0.741379310345
------------------------------------------------------------------------------

round  0 lamda  0.05
0.721904761905 	0.710217369776 	0.716013376076 	0.758620689655
0.682289111854 	0.663245197069 	0.672632386181 	0.724137931034
0.685842543981 	0.677049910873 	0.681417864809 	0.73275862069
------------------------------------------------------------------------------
round  0 lamda  0.05
0.737207792208 	0.730124777184 	0.733649189355 	0.775862068966
0.704438982071 	0.664928698752 	0.684113846498 	0.73275862069
0.669011387164 	0.658068429392 	0.66349479105 	0.715517241379
------------------------------------------------------------------------------
round  0 lamda  0.05
0.772 	0.754114676173 	0.762952534426 	0.784482758621
0.590634284017 	0.673051594375 	0.629155319922 	0.715517241379
0.574285235462 	0.64956674589 	0.609610634776 	0.724137931034
------------------------------------------------------------------------------
round  0 lamda  0.05
0.76240316205533598	0.73012477718360069	0.74591493289374411	0.775862068966
0.5772826449518178	0.65465933848286784	0.61354102635277841	0.724137931034
0.7364324702212901	0.71133145177262824	0.72366436297645731	0.76724137931
------------------------------------------------------------------------------
round  0 lamda  0.05
0.622387469659 	0.73788869083 	0.675234468581 	0.775862068966
0.580423280423 	0.670021291345 	0.622012306113 	0.73275862069
0.610971172248 	0.70983610616 	0.656703525146 	0.76724137931
------------------------------------------------------------------------------

round  0 lamda  0.05
0.74557692307692303	0.73281837987720344	0.73914259839881891	0.793103448276
0.64125258799171847	0.72046444840562485	0.6785546185401814	0.758620689655
0.59591374269005837	0.67704991087344024	0.63389609789269041	0.73275862069
------------------------------------------------------------------------------
round  0 lamda  0.05
0.738931104357 	0.72541097247 	0.732108623364 	0.784482758621
0.618981481481 	0.712509902951 	0.662460817179 	0.758620689655
0.559209329318 	0.656384927708 	0.603912980136 	0.706896551724
------------------------------------------------------------------------------
round  0 lamda  0.05
0.644609358895 	0.747549019608 	0.692273381697 	0.801724137931
0.605002265953 	0.689928698752 	0.644680585248 	0.75
0.731875492514 	0.680290651614 	0.705140903955 	0.741379310345
------------------------------------------------------------------------------
round  0 lamda  0.05
0.772 	0.754114676173 	0.762952534426 	0.784482758621
0.590634284017 	0.673051594375 	0.629155319922 	0.715517241379
0.574285235462 	0.64956674589 	0.609610634776 	0.724137931034
------------------------------------------------------------------------------
round  0 lamda  0.05
0.787818181818 	0.751715686275 	0.769343627287 	0.801724137931
0.568055555556 	0.662613883937 	0.611702031236 	0.724137931034
0.691259929613 	0.656974153298 	0.673681095475 	0.73275862069
------------------------------------------------------------------------------
round  0 lamda  0.05
0.735879917184 	0.713814616756 	0.724679342807 	0.758620689655
0.626128936423 	0.707355416914 	0.664268303947 	0.758620689655
0.716484205683 	0.699462764904 	0.707871175867 	0.758620689655
------------------------------------------------------------------------------
round  0 lamda  0.05
0.103448275862 	0.2 	0.136363636364 	0.103448275862
0.23275862069 	0.2 	0.215139442231 	0.23275862069
0.23275862069 	0.2 	0.215139442231 	0.23275862069
------------------------------------------------------------------------------
