first results from sda , precision, recall, F1, accuracy: 
(0.34874338624338624, 0.41116352201257861, 0.37738980237859471) 0.53
first results from sda , precision, recall, F1, accuracy: 
(0.48733921815889031, 0.52162698412698405, 0.50390049942029314) 0.62
first results from sda , precision, recall, F1, accuracy: 
(0.30542495796733088, 0.44617117117117111, 0.36261977920878286) 0.61
first results from sda , precision, recall, F1, accuracy: 
(0.49046345811051695, 0.49009208384208386, 0.49027770064940845) 0.62
first results from sda , precision, recall, F1, accuracy: 
(0.56037851037851039, 0.80540486236688758, 0.66091239069272278) 0.78
first results from sda , precision, recall, F1, accuracy: 
(0.62608689231496262, 0.61749557043674685, 0.62176155469022043) 0.58
first results from sda , precision, recall, F1, accuracy: 
(0.47586419753086417, 0.48894022644022644, 0.48231360204150364) 0.53
first results from sda , precision, recall, F1, accuracy: 
(0.66425785367910606, 0.60312952767313821, 0.632219527253292) 0.65
first results from sda , precision, recall, F1, accuracy: 
(0.48024193548387101, 0.52484472049689446, 0.50155365788627781) 0.56
first results from sda , precision, recall, F1, accuracy: 
(0.66458627190334507, 0.67426287163129262, 0.66938960271096659) 0.73
first results from sda , precision, recall, F1, accuracy: 
[0.39758297258297265, 0.45448986722571627, 0.42413611601799628] 0.58
round  0
[0.52236199952617868, 0.46724318658280928, 0.4932675952680376] 0.64
round  0
[0.52606060606060612, 0.44558001397624047, 0.48248722288276791] 0.64
round  0
[0.47096560846560848, 0.48078266946191478, 0.47582350861914202] 0.63
round  0
[0.42353670634920632, 0.42854647099930121, 0.42602686139027696] 0.61

round  0
[0.52606060606060612, 0.44558001397624047, 0.48248722288276791] 0.64
round  1
[0.56119144013880862, 0.63908730158730154, 0.59761172248444727] 0.68
round  2
[0.36511363636363636, 0.44594594594594594, 0.40150181194406265] 0.64
round  3
[0.53789318696439448, 0.5242356023606024, 0.53097658534074554] 0.65
round  4
[0.50235215053763438, 0.77129797066505923, 0.60842956447572671] 0.74
round  5
[0.61463675213675217, 0.57528383998972232, 0.59430955865071622] 0.6
round  6
[0.53619162640901774, 0.55161828911828914, 0.54379557196060602] 0.57
round  7
[0.60055304172951229, 0.64923532631443381, 0.62394603756253819] 0.66
round  8
[0.44999359959037383, 0.48674948240165644, 0.46765042815984459] 0.53
round  9
[0.67751911830859202, 0.67021428863534138, 0.67384690707296058] 0.73
round  0
[0.73428762541806014, 0.71095266389384038, 0.72243176060889469] 0.758620689655
round  1
[0.68442192192192197, 0.61258355614973259, 0.6465132521431074] 0.681034482759
round  2
[0.54793664940723763, 0.64370275646490482, 0.59197158108990411] 0.672413793103
round  3
[0.70832579185520372, 0.65043364681295712, 0.67814642506497935] 0.715517241379
round  4
[0.72268398268398271, 0.73090273045295528, 0.72677012169218691] 0.75
round  5
[0.68157894736842106, 0.55393061971177082, 0.61116070447033743] 0.689655172414
round  6
[0.62143974538785196, 0.68028810270189577, 0.64953371928523707] 0.672413793103
round  7
[0.76769179894179895, 0.63773491639345303, 0.6967049364751855] 0.75
round  8
[0.73850899344320398, 0.69016333283574649, 0.71351816489852826] 0.73275862069
round  9
[0.74091674091674098, 0.61132779198635967, 0.66991285118816313] 0.741379310345
round  0
0.397582972583 	0.454489867226 	0.424136116018 	0.58
round  1
0.458687002653 	0.510912698413 	0.483393330247 	0.59
round  2
0.287518037518 	0.38490990991 	0.329161041988 	0.62
round  3
0.495580808081 	0.502912596663 	0.499219784255 	0.64
round  4
0.591666666667 	0.772177014266 	0.669976195212 	0.81
round  5
0.58851559069 	0.588666741608 	0.588591156445 	0.57
round  6
0.51369047619 	0.510094072594 	0.511885957575 	0.56
round  7
0.71087962963 	0.669665797353 	0.689657529109 	0.7
round  8
0.499195093314 	0.521773636991 	0.510234704894 	0.55
round  9
0.662246087246 	0.655032102401 	0.658619341373 	0.71
0.670126839245 	0.649490431891 	0.659647277681 	0.765903307888
0.661615165355 	0.630096041985 	0.645471053651 	0.788804071247
0.724566519049 	0.692019386392 	0.707919055225 	0.804071246819
0.709078042452 	0.659078981055 	0.683164908235 	0.781170483461
0.692144102628 	0.632481081807 	0.660968938143 	0.760814249364
0.701738536469 	0.624559840254 	0.660903633646 	0.758269720102
0.662721418932 	0.679551588762 	0.671030990805 	0.786259541985
0.654574441782 	0.607641577061 	0.630235459177 	0.76844783715
0.62045921058 	0.628898788431 	0.624650494275 	0.781170483461
0.713700480866 	0.637436964904 	0.673416416365 	0.758269720102

0.51976127321 	0.542857142857 	0.531058215209 	0.69
0.405982905983 	0.473648648649 	0.437213180407 	0.66
0.577435306016 	0.487688237688 	0.528780738037 	0.6
0.498850444746 	0.712402049427 	0.586800986424 	0.78
0.541239499298 	0.533030624207 	0.537103698305 	0.53
0.551320901321 	0.51000989751 	0.529861409256 	0.57
0.651655719759 	0.649146785151 	0.65039883289 	0.65
0.454113247863 	0.477225672878 	0.465382677451 	0.51
0.674641148325 	0.670214288635 	0.672420432535 	0.72

0.347027027027 	0.319095038435 	0.332475407342 	0.55
0.483958633959 	0.497420634921 	0.490597302415 	0.65
0.346550248245 	0.40472972973 	0.373387265525 	0.57
0.46486186921 	0.453589234839 	0.459156374534 	0.58
0.46921641791 	0.658705043199 	0.548043869163 	0.76
0.588918026418 	0.53828909123 	0.562466549912 	0.58
0.559472934473 	0.552038702039 	0.555730956702 	0.58
0.624231032126 	0.570868347339 	0.596358334362 	0.58
0.459848484848 	0.460179434092 	0.460013899947 	0.46
0.711412369307 	0.683034801456 	0.69693483785 	0.75
0.738888888889 	0.501310272537 	0.597343719919 	0.69
0.738888888889 	0.501310272537 	0.597343719919 	0.69
0.458774871451 	0.431691125087 	0.444821118804 	0.62
0.446513453866 	0.433176100629 	0.439743670562 	0.61
------------------------------------------------------------------------------
round  9 lamda  2
0.06 	0.166666666667 	0.0882352941176 	0.06
0.665191290191 	0.667852615221 	0.666519296135 	0.71
------------------------------------------------------------------------------
round  9 lamda  1
0.06 	0.166666666667 	0.0882352941176 	0.06
0.673175995544 	0.680673128042 	0.676903803573 	0.72
------------------------------------------------------------------------------
round  9 lamda  0.5
0.06 	0.166666666667 	0.0882352941176 	0.06
0.673175995544 	0.680673128042 	0.676903803573 	0.72
------------------------------------------------------------------------------
round  9 lamda  0.1
0.697194066097 	0.678648836544 	0.687796464107 	0.73
0.669207741576 	0.680673128042 	0.674891743443 	0.72
------------------------------------------------------------------------------
round  9 lamda  0.05
0.68712062791 	0.697992066413 	0.692513683422 	0.74
0.678011803012 	0.685059092954 	0.681517230187 	0.73
------------------------------------------------------------------------------
round  9 lamda  0.01
0.689458689459 	0.669907577802 	0.67954253651 	0.72
0.669207741576 	0.680673128042 	0.674891743443 	0.72
------------------------------------------------------------------------------
round  9 lamda  0.001
0.665665071153 	0.663804032225 	0.664733249114 	0.72
0.669207741576 	0.680673128042 	0.674891743443 	0.72
------------------------------------------------------------------------------
round  9 lamda  2
round  9 lamda  2
round  9 lamda  2
0.663494254284 	0.665828323723 	0.664659239884 	0.72
------------------------------------------------------------------------------
round  9 lamda  1
0.64563029563 	0.646597554492 	0.646113563055 	0.7
------------------------------------------------------------------------------
round  9 lamda  0.5
0.67663314791 	0.667883286304 	0.672229745876 	0.73
------------------------------------------------------------------------------
round  9 lamda  0.1
0.677519118309 	0.670214288635 	0.673846907073 	0.73
------------------------------------------------------------------------------
round  9 lamda  0.05
0.677519118309 	0.670214288635 	0.673846907073 	0.73
------------------------------------------------------------------------------
round  9 lamda  0.01
0.677519118309 	0.670214288635 	0.673846907073 	0.73
------------------------------------------------------------------------------
round  9 lamda  0.001
0.677519118309 	0.670214288635 	0.673846907073 	0.73
------------------------------------------------------------------------------
round  9 lamda  0.05
0.681297134238 	0.71294933137 	0.696763948557 	0.73
------------------------------------------------------------------------------
round  9 lamda  0.05
0.699786324786 	0.710812579234 	0.705256357447 	0.75
------------------------------------------------------------------------------
round  0 lamda  0.05
0.665281385281 	0.524458420685 	0.586535682653 	0.7
0.440476190476 	0.431691125087 	0.43603941319 	0.62
0.48125246782 	0.442435359888 	0.461028287718 	0.62
------------------------------------------------------------------------------
round  1 lamda  0.05
0.460295566502 	0.453571428571 	0.456908759785 	0.61
0.498787878788 	0.511111111111 	0.504874308195 	0.65
0.477486338798 	0.474603174603 	0.476040391231 	0.64
------------------------------------------------------------------------------
round  2 lamda  0.05
0.474347826087 	0.492792792793 	0.483394421472 	0.71
0.32099921936 	0.48490990991 	0.386285989047 	0.65
0.332010582011 	0.529279279279 	0.408053849134 	0.66
------------------------------------------------------------------------------
round  3 lamda  0.05
0.510991760992 	0.525348494098 	0.518070683475 	0.65
0.497413405308 	0.500508750509 	0.498956277353 	0.62
0.58198843376 	0.500464234839 	0.538156364036 	0.62
------------------------------------------------------------------------------
round  4 lamda  0.05
0.526633986928 	0.755927265421 	0.620784370161 	0.77
0.495594906885 	0.73174100864 	0.590950060947 	0.75
0.486669916105 	0.761377335744 	0.593790729577 	0.74
------------------------------------------------------------------------------
round  5 lamda  0.05
0.65313283208 	0.570306670307 	0.60891610906 	0.58
0.615235690236 	0.594522597464 	0.60470182239 	0.61
0.602507836991 	0.594941197882 	0.598700610771 	0.6
------------------------------------------------------------------------------
round  6 lamda  0.05
0.598308913309 	0.564438801939 	0.580880550078 	0.58
0.641885964912 	0.652936877937 	0.64736426336 	0.66
0.602773423894 	0.588727476227 	0.595667660092 	0.63
------------------------------------------------------------------------------
round  7 lamda  0.05
0.686073559859 	0.684450561834 	0.685261099855 	0.69
0.707186948854 	0.683718084935 	0.695254520784 	0.72
0.720066045066 	0.721238610387 	0.720651850759 	0.7
------------------------------------------------------------------------------
round  8 lamda  0.05
0.438026819923 	0.48198757764 	0.458956917273 	0.52
0.42508272379 	0.469979296066 	0.44640499734 	0.5
0.457926364823 	0.475638371291 	0.466614348014 	0.51
------------------------------------------------------------------------------
round  9 lamda  0.05
0.699786324786 	0.710812579234 	0.705256357447 	0.75
0.673175995544 	0.680673128042 	0.676903803573 	0.72
0.689910579616 	0.708450905819 	0.699057833263 	0.73
------------------------------------------------------------------------------
round  0 lamda  0.05
0.548407441016 	0.454664570231 	0.497155599369 	0.6
0.431746031746 	0.385394828791 	0.407255825823 	0.61
------------------------------------------------------------------------------
round  1 lamda  0.05
0.504262672811 	0.520634920635 	0.512318027317 	0.65
0.555851166377 	0.581349206349 	0.568314330828 	0.67
------------------------------------------------------------------------------
round  2 lamda  0.05
0.546910350995 	0.556531531532 	0.551678996546 	0.73
0.418721278721 	0.531756756757 	0.468517652901 	0.7
------------------------------------------------------------------------------
round  3 lamda  0.05
0.579401913876 	0.486041157916 	0.528631110521 	0.62
0.522216181515 	0.516623422873 	0.51940474744 	0.63
------------------------------------------------------------------------------
round  4 lamda  0.05
0.559756688278 	0.732745629898 	0.634674710248 	0.81
0.594642857143 	0.799954792043 	0.682185866875 	0.82
------------------------------------------------------------------------------
round  5 lamda  0.05
0.689389233954 	0.52485935133 	0.59597744734 	0.57
0.552530802531 	0.56021422492 	0.556345986993 	0.56
------------------------------------------------------------------------------
round  6 lamda  0.05
0.532784212784 	0.527401764902 	0.530079325794 	0.56
0.634906759907 	0.612648925149 	0.623579289784 	0.63
------------------------------------------------------------------------------
round  7 lamda  0.05
0.676984126984 	0.517579445571 	0.5866461646 	0.64
0.59798385166 	0.625762258927 	0.611557777515 	0.65
------------------------------------------------------------------------------
round  8 lamda  0.05
0.574038461538 	0.480986887509 	0.523409173391 	0.48
round  0 lamda  0.05
0.527676767677 	0.46392382949 	0.49375086601 	0.63
0.501424501425 	0.516334730957 	0.508770398344 	0.65
------------------------------------------------------------------------------
round  1 lamda  0.05
0.516996336996 	0.532341269841 	0.524556605513 	0.65
0.531212121212 	0.579761904762 	0.55442619544 	0.63
------------------------------------------------------------------------------
round  2 lamda  0.05
0.327105734767 	0.470945945946 	0.386063016737 	0.65
0.373730277009 	0.462612612613 	0.413448459968 	0.65
------------------------------------------------------------------------------
round  0 lamda  0.05
0.407720588235 	0.46357442348 	0.433857267839 	0.58
0.404844218389 	0.446540880503 	0.42467150055 	0.56
0.410764790765 	0.460429769392 	0.434181631832 	0.57
round  0 lamda  0.05
0.5264893001735107	0.49781621243885393	0.51175143758334229	0.63
0.43993059941335805	0.46540880503144649	0.45231119636353284	0.62
0.42901142573273715	0.46558350803633819	0.44654991223520263	0.64
------------------------------------------------------------------------------
round  1 lamda  0.05
0.544646464646 	0.656349206349 	0.595303186256 	0.64
0.5181264637 	0.584722222222 	0.549413643257 	0.62
0.508045977011 	0.578968253968 	0.541193452418 	0.6
------------------------------------------------------------------------------
round  3 lamda  0.05
0.612317156528 	0.524191086691 	0.564837426556 	0.65
0.661476530006 	0.584630647131 	0.620684093463 	0.69
0.615975364505 	0.54973036223 	0.580970569996 	0.64
------------------------------------------------------------------------------
round  4 lamda  0.05
0.459368728334 	0.752938517179 	0.570608499505 	0.7
0.465784215784 	0.750828812538 	0.574914457588 	0.69
0.394246031746 	0.669354028531 	0.496220674363 	0.65
------------------------------------------------------------------------------
round  5 lamda  0.05
0.639694041868 	0.562483338954 	0.598609234076 	0.58
0.643999862145 	0.618208582914 	0.63084072006 	0.59
0.668024691358 	0.631640196346 	0.649323146613 	0.64
------------------------------------------------------------------------------
round  6 lamda  0.05
0.543614718615 	0.557624782625 	0.550530631998 	0.6
0.513411319863 	0.533408258408 	0.523218792731 	0.59
0.602532679739 	0.560667110667 	0.580846488141 	0.61
------------------------------------------------------------------------------
round  7 lamda  0.05
round  9 lamda  2
0.38 	0.166666666667 	0.231707317073 	0.38
0.68117993118 	0.680673128042 	0.680926435309 	0.73
------------------------------------------------------------------------------
round  9 lamda  1
0.38 	0.166666666667 	0.231707317073 	0.38
0.667802519118 	0.671901198217 	0.669845588934 	0.71
------------------------------------------------------------------------------
round  9 lamda  0.5
0.38 	0.166666666667 	0.231707317073 	0.38
0.67314439946 	0.671901198217 	0.672522224304 	0.71
------------------------------------------------------------------------------
round  9 lamda  0.1
0.640421724245 	0.644235881078 	0.642323140533 	0.69
0.659602434602 	0.648315135157 	0.653910080309 	0.69
------------------------------------------------------------------------------
round  9 lamda  0.05
0.703536375905 	0.706314153683 	0.704922528316 	0.76
0.659602434602 	0.648315135157 	0.653910080309 	0.69
------------------------------------------------------------------------------
round  9 lamda  0.01
0.674856649199 	0.66552161289 	0.670156624212 	0.72
0.659602434602 	0.648315135157 	0.653910080309 	0.69
------------------------------------------------------------------------------
round  9 lamda  0.001
0.68941949863 	0.693299390668 	0.691354001184 	0.73
0.659602434602 	0.648315135157 	0.653910080309 	0.69
------------------------------------------------------------------------------
round  0 lamda  1
0.53 	0.166666666667 	0.253588516746 	0.53
0.42268009768 	0.459119496855 	0.440146888205 	0.6
------------------------------------------------------------------------------
round  0 lamda  0.5
0.53 	0.166666666667 	0.253588516746 	0.53
0.564883703867 	0.497816212439 	0.529233627692 	0.64
------------------------------------------------------------------------------
round  0 lamda  0.1
0.493895394223 	0.451519916143 	0.471757976707 	0.6
0.439930599413 	0.465408805031 	0.452311196364 	0.62
------------------------------------------------------------------------------
round  0 lamda  0.05
0.526489300174 	0.497816212439 	0.511751437583 	0.63
0.439930599413 	0.465408805031 	0.452311196364 	0.62
------------------------------------------------------------------------------
round  0 lamda  0.01
0.399322169059 	0.460779175402 	0.427855021885 	0.61
0.439930599413 	0.465408805031 	0.452311196364 	0.62
------------------------------------------------------------------------------
round  0 lamda  0.001
0.410022847523 	0.457634521314 	0.432522367223 	0.6
0.439930599413 	0.465408805031 	0.452311196364 	0.62
------------------------------------------------------------------------------
round  0 lamda  0.05
0.46301728717 	0.470038434661 	0.466501444212 	0.62
0.53898989899 	0.488382250175 	0.512439625513 	0.61
0.452084864821 	0.491526904263 	0.470981565406 	0.62
------------------------------------------------------------------------------
round  0 lamda  0.05
0.46301728717 	0.470038434661 	0.466501444212 	0.62
0.53898989899 	0.488382250175 	0.512439625513 	0.61
0.452084864821 	0.491526904263 	0.470981565406 	0.62
------------------------------------------------------------------------------
round  1 lamda  0.05
0.578952922078 	0.599007936508 	0.588809709018 	0.66
0.411200057253 	0.578968253968 	0.480871335674 	0.6
0.502424242424 	0.577182539683 	0.537215039858 	0.62
------------------------------------------------------------------------------
round  2 lamda  0.05
0.476587301587 	0.609684684685 	0.534981997815 	0.69
0.380494164705 	0.535135135135 	0.444755964631 	0.63
0.342924401399 	0.490540540541 	0.403660220753 	0.62
------------------------------------------------------------------------------
round  3 lamda  0.05
0.530458089669 	0.555523758649 	0.542701652399 	0.67
0.620746965453 	0.56726953602 	0.592804633002 	0.67
0.605166213216 	0.548083282458 	0.575212017549 	0.64
------------------------------------------------------------------------------
round  4 lamda  0.05
0.475395824576 	0.753189672493 	0.582886948074 	0.72
0.446604938272 	0.718831625477 	0.550924458198 	0.66
0.424723424723 	0.718831625477 	0.533957031135 	0.66
------------------------------------------------------------------------------
round  5 lamda  0.05
0.60139184487 	0.58693961341 	0.594077846676 	0.61
0.679269281443 	0.622713087419 	0.6497628256 	0.6
0.64594017094 	0.613622178328 	0.629366565287 	0.6
------------------------------------------------------------------------------
round  6 lamda  0.05
0.526715367965 	0.540022015022 	0.533285696907 	0.59
0.593091129549 	0.514497076997 	0.551005600714 	0.56
0.54126984127 	0.497989047989 	0.51872821247 	0.57
------------------------------------------------------------------------------
round  7 lamda  0.05
0.703230220527 	0.650515148588 	0.675846317682 	0.68
0.651701904333 	0.621369007373 	0.6361740916 	0.64
0.621429283436 	0.633684278309 	0.627496951665 	0.64
------------------------------------------------------------------------------
round  8 lamda  0.05
0.456944444444 	0.493995859213 	0.4747483361 	0.54
0.51816979317 	0.577329192547 	0.54615212281 	0.57
0.502867965368 	0.502518978606 	0.502693411417 	0.52
------------------------------------------------------------------------------
round  9 lamda  0.05
0.680475735565 	0.699709647078 	0.689958671879 	0.73
0.657968532969 	0.663159939476 	0.660554036343 	0.71
0.671708246708 	0.673956160798 	0.672830326198 	0.72
------------------------------------------------------------------------------
round  0 lamda  0.05
0.631213450292 	0.727705981382 	0.676033902526 	0.76724137931
0.599876314162 	0.695969498911 	0.644360021175 	0.758620689655
0.697634952767 	0.672147950089 	0.684654338195 	0.73275862069
------------------------------------------------------------------------------
round  1 lamda  0.05
0.6737681695 	0.590874872676 	0.629604826167 	0.663793103448
0.670967379159 	0.598184046346 	0.63248872241 	0.672413793103
0.643933692383 	0.570654284441 	0.605083415061 	0.637931034483
------------------------------------------------------------------------------
round  2 lamda  0.05
0.591267513848 	0.71730321114 	0.64821576431 	0.724137931034
0.595895040632 	0.714356351236 	0.649770585381 	0.73275862069
0.553822003822 	0.65820971867 	0.601520601424 	0.681034482759
------------------------------------------------------------------------------
round  3 lamda  0.05
0.6825 	0.65565830721 	0.668809949107 	0.706896551724
0.675609111569 	0.636865203762 	0.655665302516 	0.689655172414
0.652649958737 	0.617928422153 	0.634814766702 	0.681034482759
------------------------------------------------------------------------------
round  4 lamda  0.05
0.724438672439 	0.717068738358 	0.720734865423 	0.75
0.563738867867 	0.689599897021 	0.620349862493 	0.706896551724
0.653931623932 	0.669176775249 	0.661466370566 	0.706896551724
------------------------------------------------------------------------------
round  5 lamda  0.05
0.528735969912 	0.526755537666 	0.527743895834 	0.663793103448
0.745031284505 	0.732740913244 	0.738834990447 	0.706896551724
0.658541980895 	0.566045496074 	0.608800480606 	0.681034482759
------------------------------------------------------------------------------
round  6 lamda  0.05
0.65125985126 	0.721749514853 	0.68469522975 	0.706896551724
0.765865104163 	0.741230034333 	0.753346226065 	0.73275862069
0.711177248677 	0.711673384087 	0.711425229883 	0.706896551724
------------------------------------------------------------------------------
round  7 lamda  0.05
0.735387872865 	0.62365245414 	0.674926920922 	0.724137931034
0.706335976006 	0.600814519717 	0.649316068152 	0.698275862069
0.726505032907 	0.612659156562 	0.664742925773 	0.706896551724
------------------------------------------------------------------------------
round  8 lamda  0.05
0.721027236652 	0.634621460915 	0.675070700993 	0.706896551724
0.726511437908 	0.623821341494 	0.671261701885 	0.715517241379
0.668963101858 	0.551342240135 	0.604484144179 	0.689655172414
------------------------------------------------------------------------------
round  9 lamda  0.05
0.738567193676 	0.61933397272 	0.673715827778 	0.75
0.746772646372 	0.631881926684 	0.68454005493 	0.758620689655
0.750582750583 	0.629537510656 	0.684751915633 	0.758620689655
------------------------------------------------------------------------------
round  0 lamda  0.05
0.680735930736 	0.683345712022 	0.682038324843 	0.724137931034
0.672654462243 	0.669097841157 	0.670871437881 	0.724137931034
0.662259686483 	0.653924044365 	0.65806546982 	0.724137931034
------------------------------------------------------------------------------
round  0 lamda  0.05
0.753697936051 	0.715498118439 	0.734101420253 	0.76724137931
0.584520149738 	0.684647950089 	0.630634385403 	0.741379310345
0.56534679089 	0.662613883937 	0.610128061203 	0.724137931034
------------------------------------------------------------------------------
round  0 lamda  0.05
0.753697936051 	0.715498118439 	0.734101420253 	0.76724137931
0.584520149738 	0.684647950089 	0.630634385403 	0.741379310345
0.56534679089 	0.662613883937 	0.610128061203 	0.724137931034
------------------------------------------------------------------------------
round  1 lamda  0.05
0.690873015873 	0.606026387828 	0.64567425517 	0.672413793103
0.669147725636 	0.594017379679 	0.629348256895 	0.663793103448
0.656327971545 	0.583600713012 	0.617831455848 	0.646551724138
------------------------------------------------------------------------------
round  2 lamda  0.05
0.591122297537 	0.704356351236 	0.642790593302 	0.724137931034
0.594044306948 	0.69305200341 	0.639740155777 	0.715517241379
0.56286871925 	0.658016481955 	0.606735005188 	0.698275862069
------------------------------------------------------------------------------
round  3 lamda  0.05
0.653888888889 	0.622473876698 	0.637794775233 	0.689655172414
0.641025641026 	0.620054858934 	0.63036588613 	0.689655172414
0.673707581726 	0.644595088819 	0.6588298851 	0.698275862069
------------------------------------------------------------------------------
round  4 lamda  0.05
0.709064327485 	0.702776641982 	0.705906483515 	0.75
0.556215752294 	0.666477367377 	0.606374901958 	0.706896551724
0.54826546003 	0.662413490225 	0.59995829096 	0.706896551724
------------------------------------------------------------------------------
round  5 lamda  0.05
0.641788766789 	0.713950063571 	0.675948966847 	0.689655172414
0.671682731683 	0.550320035693 	0.60497484088 	0.698275862069
0.624524886878 	0.523116203145 	0.56934017165 	0.655172413793
------------------------------------------------------------------------------
round  6 lamda  0.05
0.620115569284 	0.709303627407 	0.661717874692 	0.715517241379
0.725940340524 	0.715871771906 	0.72087090043 	0.706896551724
0.728799392097 	0.711673384087 	0.720134581187 	0.706896551724
------------------------------------------------------------------------------
round  7 lamda  0.05
0.700602089556 	0.585663004565 	0.637997138614 	0.689655172414
0.698887643813 	0.585816306548 	0.637376071079 	0.681034482759
0.686752136752 	0.583425179157 	0.630885913963 	0.672413793103
------------------------------------------------------------------------------
round  8 lamda  0.05
0.617077371489 	0.532558342041 	0.571711017679 	0.663793103448
0.698170426065 	0.590560158233 	0.639872510692 	0.715517241379
0.659485394485 	0.54982708862 	0.599684431449 	0.681034482759
------------------------------------------------------------------------------
round  9 lamda  0.05
0.693049450549 	0.571646419437 	0.626520962552 	0.706896551724
0.682270531401 	0.582642796249 	0.628533199112 	0.706896551724
0.677267661131 	0.579505541347 	0.624584231788 	0.706896551724
------------------------------------------------------------------------------
round  6 lamda  0.05
0.620115569284 	0.709303627407 	0.661717874692 	0.715517241379
0.725940340524 	0.715871771906 	0.72087090043 	0.706896551724
0.728799392097 	0.711673384087 	0.720134581187 	0.706896551724
------------------------------------------------------------------------------
round  6 lamda  0.05
0.661728268776 	0.735482907897 	0.696658943877 	0.724137931034
0.719646788397 	0.713632631736 	0.716627092122 	0.706896551724
0.668821973234 	0.741230034333 	0.703166878275 	0.73275862069
------------------------------------------------------------------------------
round  6 lamda  0.05
0.623629978178 	0.700179131214 	0.659691330452 	0.689655172414
0.69815226145 	0.688274369309 	0.693178126805 	0.681034482759
0.625062933794 	0.68407598149 	0.653239369689 	0.681034482759
------------------------------------------------------------------------------
round  6 lamda  0.05
0.70717240797 	0.699768622182 	0.7034510345 	0.698275862069
0.70407000407 	0.695980743395 	0.70000200453 	0.689655172414
0.659251743627 	0.717420510524 	0.687107219675 	0.715517241379
------------------------------------------------------------------------------
round  0 lamda  0.05
0.483463203463 	0.454489867226 	0.468529042693 	0.59
0.377598707198 	0.429682040531 	0.401960243613 	0.56
0.451072881983 	0.483752620545 	0.466841540215 	0.61
------------------------------------------------------------------------------
round  1 lamda  0.05
0.419131161236 	0.586904761905 	0.489028410883 	0.63
0.421753246753 	0.451587301587 	0.436160695845 	0.54
0.433571428571 	0.454365079365 	0.443724781654 	0.54
------------------------------------------------------------------------------
round  2 lamda  0.05
0.459538239538 	0.543018018018 	0.497802576477 	0.68
0.335837542088 	0.496396396396 	0.400629049016 	0.59
0.35669545596 	0.507432432432 	0.418916795272 	0.6
------------------------------------------------------------------------------
round  3 lamda  0.05
0.684186507937 	0.600217490842 	0.639457226001 	0.72
0.509911856937 	0.496457824583 	0.503094908109 	0.63
0.501137536354 	0.531256359381 	0.515757608046 	0.62
------------------------------------------------------------------------------
round  4 lamda  0.05
0.443671462637 	0.697382961623 	0.54232105327 	0.68
0.457259689463 	0.703460920233 	0.554249350357 	0.69
0.421751859252 	0.697382961623 	0.525624893782 	0.69
------------------------------------------------------------------------------
round  5 lamda  0.05
0.653051948052 	0.562613415555 	0.604468627679 	0.57
0.620767195767 	0.60718392189 	0.613900431518 	0.61
0.573563592918 	0.547456012162 	0.560205791009 	0.54
------------------------------------------------------------------------------
round  6 lamda  0.05
0.605922512374 	0.576938801939 	0.591075562497 	0.61
0.570707070707 	0.483158045658 	0.523296024594 	0.54
0.520540334671 	0.484394309394 	0.501817262275 	0.52
------------------------------------------------------------------------------
round  7 lamda  0.05
0.684736462368 	0.64873627612 	0.666250415024 	0.66
0.628467555186 	0.572484626034 	0.599171255828 	0.61
0.696210867086 	0.639151292701 	0.666462011716 	0.63
------------------------------------------------------------------------------
round  8 lamda  0.05
0.496140889859 	0.527225672878 	0.511211180867 	0.52
0.518745143745 	0.491407867495 	0.50470659796 	0.5
0.371372863248 	0.369185645273 	0.370276024318 	0.45
------------------------------------------------------------------------------
round  9 lamda  0.05
0.684510685498 	0.688913425756 	0.686704998767 	0.71
0.649452156031 	0.648315135157 	0.648883147502 	0.69
0.66629085708 	0.667545904388 	0.666917790278 	0.71
------------------------------------------------------------------------------
round  0 lamda  0.05
0.435912698413 	0.49930118798 	0.465458717711 	0.62
0.414562289562 	0.455974842767 	0.434283542379 	0.59
0.436952861953 	0.483752620545 	0.459163317787 	0.61
------------------------------------------------------------------------------
round  1 lamda  0.05
0.457721280603 	0.607936507937 	0.522241717614 	0.66
0.377597402597 	0.543253968254 	0.44552529074 	0.55
0.454805194805 	0.505158730159 	0.478661351125 	0.57
------------------------------------------------------------------------------
round  2 lamda  0.05
0.418089652283 	0.520945945946 	0.463884670208 	0.65
0.326933551198 	0.482432432432 	0.389745434175 	0.59
0.369889053442 	0.507432432432 	0.427878959173 	0.6
------------------------------------------------------------------------------
round  3 lamda  0.05
0.651617965368 	0.575288715914 	0.611079014047 	0.69
0.527194211018 	0.542347120472 	0.534663325029 	0.66
0.514057239057 	0.504515160765 	0.509241504385 	0.63
------------------------------------------------------------------------------
round  4 lamda  0.05
0.495009157509 	0.776748040989 	0.60467107058 	0.71
0.407831340035 	0.675683142455 	0.508649890481 	0.68
0.453138528139 	0.750828812538 	0.565180551835 	0.69
------------------------------------------------------------------------------
round  5 lamda  0.05
0.68253968254 	0.602597517303 	0.640082192329 	0.62
0.659628951296 	0.646873611579 	0.653189016465 	0.64
0.605555555556 	0.545185559891 	0.573786997213 	0.54
------------------------------------------------------------------------------
round  6 lamda  0.05
0.588616796621 	0.550382025382 	0.568857664187 	0.59
0.545175438596 	0.48580956081 	0.513783305366 	0.52
0.561706349206 	0.526381488881 	0.543470506809 	0.6
------------------------------------------------------------------------------
round  7 lamda  0.05
0.671963015647 	0.618857658006 	0.64431793915 	0.65
0.650338753388 	0.566326990566 	0.605432331575 	0.61
0.701094276094 	0.621499404359 	0.658901794908 	0.61
------------------------------------------------------------------------------
round  8 lamda  0.05
0.500105205114 	0.522463768116 	0.511040050615 	0.51
0.504134754135 	0.519185645273 	0.511549516225 	0.51
0.39196699358 	0.4033126294 	0.397558881809 	0.47
------------------------------------------------------------------------------
round  9 lamda  0.05
0.693907665947 	0.699709647078 	0.696796578956 	0.73
0.649452156031 	0.648315135157 	0.648883147502 	0.69
0.66249062828 	0.663159939476 	0.662825114913 	0.7
------------------------------------------------------------------------------
round  0 lamda  0.05
0.728364592126 	0.628470916875 	0.674740541497 	0.786259541985
0.710802139037 	0.634717276723 	0.670608528861 	0.76844783715
0.681586558603 	0.61234113523 	0.645110988877 	0.76844783715
------------------------------------------------------------------------------
round  1 lamda  0.05
0.687300405703 	0.663100789175 	0.674983765048 	0.793893129771
0.625220038047 	0.6161362498 	0.620644908015 	0.765903307888
0.608601854286 	0.603098030322 	0.605837442477 	0.753180661578
------------------------------------------------------------------------------
round  2 lamda  0.05
0.740682716493 	0.705636577592 	0.72273504099 	0.804071246819
0.681610383201 	0.677738501624 	0.679668928204 	0.788804071247
0.695381825894 	0.689430411357 	0.692393330128 	0.783715012723
------------------------------------------------------------------------------
round  3 lamda  0.05
0.732435328899 	0.640818612391 	0.683570863362 	0.778625954198
0.687146482181 	0.673996415771 	0.680507927267 	0.781170483461
0.6982354563 	0.717322708653 	0.707650397124 	0.788804071247
------------------------------------------------------------------------------
round  4 lamda  0.05
0.694902085994 	0.677579126184 	0.686131284033 	0.783715012723
0.740907982517 	0.654090850772 	0.69479790386 	0.783715012723
0.697113393853 	0.657427630829 	0.676689149444 	0.778625954198
------------------------------------------------------------------------------
round  5 lamda  0.05
0.754170660279 	0.616258176951 	0.678275038568 	0.776081424936
0.748440108367 	0.610488147894 	0.672462013298 	0.76844783715
0.732286775665 	0.62039111593 	0.671710852611 	0.781170483461
------------------------------------------------------------------------------
round  6 lamda  0.05
0.696440376303 	0.691824316035 	0.694124671835 	0.791348600509
0.695178428071 	0.705497484971 	0.700299945253 	0.791348600509
0.667055749129 	0.670233406944 	0.668640802671 	0.770992366412
------------------------------------------------------------------------------
round  7 lamda  0.05
0.674405225125 	0.603713261649 	0.637104278432 	0.76844783715
0.647938868685 	0.613935483871 	0.630479036299 	0.753180661578
0.644489795918 	0.620086021505 	0.632052436786 	0.763358778626
------------------------------------------------------------------------------
round  8 lamda  0.05
0.690249559905 	0.655773345483 	0.672569926269 	0.814249363868
0.659475877012 	0.681318214033 	0.670219133161 	0.814249363868
0.629514666125 	0.659803584084 	0.644303348495 	0.788804071247
------------------------------------------------------------------------------
round  9 lamda  0.05
0.664261437653 	0.571228434098 	0.614242220091 	0.743002544529
0.69443984357 	0.57624814532 	0.629847256593 	0.740458015267
0.678455208545 	0.600774811891 	0.637256464871 	0.743002544529
------------------------------------------------------------------------------
round  9 lamda  0.05
0.664261437653 	0.571228434098 	0.614242220091 	0.743002544529
0.69443984357 	0.57624814532 	0.629847256593 	0.740458015267
0.678455208545 	0.600774811891 	0.637256464871 	0.743002544529
------------------------------------------------------------------------------
round  9 lamda  0.05
round  9 lamda  0.05
0.740721597243 	0.608169761401 	0.667932927545 	0.75572519084
0.683521313114 	0.588777664136 	0.632621874761 	0.760814249364
0.685407871463 	0.609813403631 	0.645404634728 	0.750636132316
------------------------------------------------------------------------------
round  9 lamda  0.05
0.38598087584 	0.383516296893 	0.384744639537 	0.546556122449
0.383596412408 	0.364539325984 	0.373825150847 	0.531887755102
0.373447223907 	0.369513635228 	0.371470016421 	0.539540816327
------------------------------------------------------------------------------
round  0 lamda  0.05
0.418068905858 	0.39164908037 	0.404427974419 	0.565051020408
0.453063835973 	0.433755645749 	0.443199548021 	0.560586734694
0.420489901935 	0.395905321132 	0.407827446694 	0.56568877551
------------------------------------------------------------------------------
round  1 lamda  0.05
0.36801474535 	0.367697719822 	0.367856164281 	0.536352040816
0.387163095605 	0.383411625917 	0.385278228924 	0.556760204082
0.35612393158 	0.340033868762 	0.347892958046 	0.547831632653
------------------------------------------------------------------------------
round  2 lamda  0.05
0.399009201855 	0.371004567126 	0.384497634138 	0.529974489796
0.399273977874 	0.398121105243 	0.398696708148 	0.544642857143
0.380731547686 	0.384773456659 	0.38274183142 	0.541454081633
------------------------------------------------------------------------------
round  3 lamda  0.05
0.391656929829 	0.3690680834 	0.380027131825 	0.535076530612
0.410425685426 	0.388562958208 	0.399195206901 	0.547831632653
0.388164447401 	0.381494538217 	0.3848005919 	0.552933673469
------------------------------------------------------------------------------
round  4 lamda  0.05
0.361163320594 	0.364908159411 	0.363026082677 	0.545280612245
0.385716014277 	0.369044090562 	0.377195919051 	0.540816326531
0.37773762975 	0.374618496107 	0.376171597244 	0.533163265306
------------------------------------------------------------------------------
round  5 lamda  0.05
0.362833724401 	0.372844603066 	0.367771051294 	0.53762755102
0.409376686382 	0.41772140151 	0.413506948413 	0.561224489796
0.387132492537 	0.37581526989 	0.381389943928 	0.553571428571
------------------------------------------------------------------------------
round  6 lamda  0.05
0.418567259836 	0.388681418482 	0.403071124557 	0.554209183673
0.419729377435 	0.403860920402 	0.411642276835 	0.554846938776
0.416291173634 	0.397233078359 	0.406538892949 	0.551658163265
------------------------------------------------------------------------------
round  7 lamda  0.05
0.357531949213 	0.368854272372 	0.363104869167 	0.533801020408
0.3558819988 	0.34973562943 	0.352782044761 	0.53443877551
0.373511340302 	0.362066711151 	0.367699994021 	0.548469387755
------------------------------------------------------------------------------
round  8 lamda  0.05
0.420939683384 	0.388097508274 	0.403851995778 	0.555484693878
------------------------------------------------------------------------------
round  9 lamda  1
0.198275862069 	0.166666666667 	0.181102362205 	0.198275862069
0.688265116526 	0.586139173061 	0.633110151219 	0.715517241379
------------------------------------------------------------------------------
round  9 lamda  0.5
0.146551724138 	0.166666666667 	0.155963302752 	0.146551724138
0.688067488067 	0.586139173061 	0.633026526653 	0.715517241379
------------------------------------------------------------------------------
round  9 lamda  0.1
0.757487157593 	0.622830349531 	0.683590534343 	0.758620689655
0.690020159093 	0.589889173061 	0.63603789865 	0.715517241379
------------------------------------------------------------------------------
round  9 lamda  0.05
0.693049450549 	0.571646419437 	0.626520962552 	0.706896551724
0.682270531401 	0.582642796249 	0.628533199112 	0.706896551724
------------------------------------------------------------------------------
round  9 lamda  0.01
0.714233773415 	0.604374467178 	0.654727678714 	0.741379310345
0.682270531401 	0.582642796249 	0.628533199112 	0.706896551724
------------------------------------------------------------------------------
round  9 lamda  0.001
0.732852001799 	0.61774829497 	0.67039534296 	0.75
0.702012912717 	0.600305839727 	0.647187872058 	0.724137931034
------------------------------------------------------------------------------
round  9 lamda  0
0.719902319902 	0.604987212276 	0.657461149856 	0.741379310345
0.702012912717 	0.600305839727 	0.647187872058 	0.724137931034
------------------------------------------------------------------------------
round  0 lamda  1
0.103448275862 	0.2 	0.136363636364 	0.103448275862
0.570989397076 	0.677240542682 	0.619592843954 	0.73275862069
------------------------------------------------------------------------------
round  0 lamda  0.5
0.23275862069 	0.2 	0.215139442231 	0.23275862069
0.558417508418 	0.664740542682 	0.606957959774 	0.724137931034
------------------------------------------------------------------------------
round  0 lamda  0.1
0.610092072011 	0.731850366409 	0.665447479208 	0.758620689655
0.58063973064 	0.677240542682 	0.62523083416 	0.73275862069
------------------------------------------------------------------------------
round  0 lamda  0.05
0.753697936051 	0.715498118439 	0.734101420253 	0.76724137931
0.584520149738 	0.684647950089 	0.630634385403 	0.741379310345
------------------------------------------------------------------------------
round  0 lamda  0.01
0.587314439946 	0.688057040998 	0.633706871641 	0.73275862069
0.596273291925 	0.694285997227 	0.641557812313 	0.75
------------------------------------------------------------------------------
round  0 lamda  0.001
0.613657407407 	0.68706674589 	0.648290564806 	0.75
0.588321099191 	0.689193404635 	0.63477482276 	0.75
------------------------------------------------------------------------------
round  0 lamda  0
0.621212121212 	0.689928698752 	0.653769700266 	0.75
0.588321099191 	0.689193404635 	0.63477482276 	0.75
------------------------------------------------------------------------------
round  0 lamda  0.05
0.424171546142 	0.389043089717 	0.405848595449 	0.552933673469
0.41776466878 	0.414100910443 	0.415924721526 	0.573979591837
------------------------------------------------------------------------------
round  1 lamda  0.05
0.358714592325 	0.367624771652 	0.363115030334 	0.554209183673
0.379073658374 	0.376923488153 	0.377995515559 	0.549744897959
------------------------------------------------------------------------------
round  2 lamda  0.05
0.388326984692 	0.394534953898 	0.391406355196 	0.541454081633
0.385789605473 	0.385114240867 	0.385451627337 	0.538265306122
------------------------------------------------------------------------------
round  3 lamda  0.05
0.415894800712 	0.398623807185 	0.407076197501 	0.540816326531
0.400258985871 	0.370597903612 	0.384857794201 	0.552295918367
------------------------------------------------------------------------------
round  6 lamda  0.05
0.438858273045 	0.388929068478 	0.412387894252 	0.550382653061
0.428436376711 	0.414602548296 	0.421405959555 	0.557397959184
------------------------------------------------------------------------------
round  7 lamda  0.05
0.38804447049 	0.379586395568 	0.383768835742 	0.522959183673
0.368295427033 	0.35553063405 	0.361800475918 	0.542091836735
------------------------------------------------------------------------------
round  8 lamda  0.05
0.387534763064 	0.356290696519 	0.371256533044 	0.540816326531
0.401671686218 	0.382324241446 	0.391759235794 	0.561862244898
------------------------------------------------------------------------------
round  9 lamda  0.05
0.416871126483 	0.401185278828 	0.408877818272 	0.555484693878
0.393429785702 	0.383989741164 	0.388652449178 	0.552933673469
------------------------------------------------------------------------------
round  4 lamda  0.05
round  0 lamda  0.05
0.400271092424 	0.4046605796 	0.402453867544 	0.558673469388
0.423147789059 	0.411173859903 	0.417074901396 	0.553571428571
------------------------------------------------------------------------------
round  1 lamda  0.05
0.363563632324 	0.372222462931 	0.367842098481 	0.542091836735
0.377556441172 	0.377563793988 	0.377560117544 	0.548469387755
------------------------------------------------------------------------------
round  2 lamda  0.05
0.380360046293 	0.384358893052 	0.382349014344 	0.538903061224
0.373822371955 	0.388282308139 	0.38091516089 	0.536989795918
------------------------------------------------------------------------------
round  3 lamda  0.05
0.41067174822 	0.379487001362 	0.394463999439 	0.548469387755
0.389260738377 	0.383606534664 	0.386412953785 	0.545280612245
------------------------------------------------------------------------------
round  4 lamda  0.05
0.374570904047 	0.358025462601 	0.366111346721 	0.53125
0.36268482402 	0.359351215897 	0.361010324398 	0.524234693878
------------------------------------------------------------------------------
round  5 lamda  0.05
0.360737094505 	0.352972004489 	0.356812307761 	0.53443877551
0.384546910096 	0.368593126907 	0.376401043819 	0.52806122449
------------------------------------------------------------------------------
round  6 lamda  0.05
0.389553387478 	0.362742651032 	0.375670271432 	0.53443877551
0.412350241404 	0.391078321292 	0.401432679096 	0.544642857143
------------------------------------------------------------------------------
round  7 lamda  0.05
0.362744473514 	0.346858275344 	0.354623548672 	0.53125
round  0 lamda  0.05
0.407806866621 	0.39068475603 	0.39906223603 	0.55612244898
0.419749880305 	0.406048551853 	0.412785552506 	0.558035714286
------------------------------------------------------------------------------
round  1 lamda  0.05
0.379734880223 	0.388342786273 	0.383990598512 	0.554209183673
round  0 lamda  0.05
0.434927960418 	0.405140876525 	0.419506324625 	0.584183673469
0.427567455412 	0.414197255986 	0.420776172682 	0.561862244898
------------------------------------------------------------------------------
round  1 lamda  0.05
0.362913229475 	0.360682856153 	0.361794605423 	0.554209183673
0.357756348763 	0.345281942492 	0.351408475402 	0.55612244898
------------------------------------------------------------------------------
round  2 lamda  0.05
0.351248979916 	0.358379843825 	0.35477858383 	0.53125
0.413811374171 	0.400920771817 	0.407264096148 	0.556760204082
------------------------------------------------------------------------------
round  3 lamda  0.05
0.385567480405 	0.370487393205 	0.377877044923 	0.554209183673
round  0 lamda  0.05
round  0 lamda  0.05
round  0 lamda  0.05
0.409027331372 	0.393752707356 	0.401244703009 	0.554209183673
0.432305791754 	0.410010481391 	0.420863068746 	0.570153061224
0.401452977679 	0.40060969944 	0.401030895253 	0.5625
------------------------------------------------------------------------------
round  1 lamda  0.05
0.371049601023 	0.39810214322 	0.384100127222 	0.561862244898


round  1 lamda  0.05
0.385530726576 	0.380339797528 	0.382917670472 	0.554209183673
0.368499464437 	0.381757422871 	0.375011301469 	0.535714285714
0.385549906983 	0.371984133709 	0.378645553722 	0.549107142857
------------------------------------------------------------------------------
round  2 lamda  0.05
0.386659809364 	0.384239700113 	0.385445955976 	0.547831632653
0.382297834492 	0.390082917965 	0.386151142001 	0.536352040816
0.392886395408 	0.399445650876 	0.396138873014 	0.53125
------------------------------------------------------------------------------
round  3 lamda  0.05
0.392696278017 	0.377850035569 	0.385130134296 	0.53762755102
0.359772411168 	0.360800596893 	0.360285770471 	0.529336734694
0.413469538379 	0.386810637511 	0.399696057831 	0.561862244898
------------------------------------------------------------------------------
round  4 lamda  0.05
0.34785369556 	0.352974821115 	0.350395547678 	0.529336734694
0.38664155741 	0.377207295425 	0.38186616535 	0.529974489796
0.382802257586 	0.357725959134 	0.369839532544 	0.515943877551
------------------------------------------------------------------------------
round  5 lamda  0.05
0.391918709417 	0.381175578735 	0.386472499328 	0.538265306122
0.402608566078 	0.411821491528 	0.407162919973 	0.55612244898
0.389413192633 	0.390569784897 	0.389990631242 	0.558673469388
------------------------------------------------------------------------------
round  6 lamda  0.05
0.408716116599 	0.371157985444 	0.389032665805 	0.538265306122
0.408378990031 	0.395344974665 	0.401756295842 	0.547831632653
0.423432909201 	0.392227666208 	0.407233368336 	0.552295918367
------------------------------------------------------------------------------
round  7 lamda  0.05
0.404544511938 	0.41919368144 	0.411738837968 	0.555484693878
0.360992932331 	0.355701741286 	0.358327804989 	0.541454081633
0.382292441983 	0.380291215563 	0.381289202892 	0.558673469388
------------------------------------------------------------------------------
round  8 lamda  0.05
0.380856255739 	0.366082263067 	0.373323149078 	0.530612244898
0.393122513017 	0.35267911548 	0.371804230156 	0.515306122449
