round  0 lamda  1
0.344444444444 	0.333333333333 	0.338797814208 	0.344444444444
0.863876262626 	0.86030217045 	0.862085512126 	0.855555555556
------------------------------------------------------------------------------
round  0 lamda  0.5
0.355555555556 	0.333333333333 	0.344086021505 	0.355555555556
0.835610812425 	0.835610812425 	0.835610812425 	0.833333333333
------------------------------------------------------------------------------
round  0 lamda  0.1
0.3 	0.333333333333 	0.315789473684 	0.3
0.810987516994 	0.812848466746 	0.811916925527 	0.811111111111
------------------------------------------------------------------------------
round  0 lamda  0.05
0.814010217114 	0.805953803266 	0.809961977089 	0.8
0.823348694316 	0.825194145759 	0.824270387098 	0.822222222222
------------------------------------------------------------------------------
round  0 lamda  0.01
0.8009516747 	0.80243180008 	0.801691054219 	0.8
0.823348694316 	0.825194145759 	0.824270387098 	0.822222222222
------------------------------------------------------------------------------
round  0 lamda  0.001
0.813492063492 	0.814777479092 	0.814134263915 	0.811111111111
0.823348694316 	0.825194145759 	0.824270387098 	0.822222222222
------------------------------------------------------------------------------
round  0 lamda  0
0.813492063492 	0.814777479092 	0.814134263915 	0.811111111111
0.823348694316 	0.825194145759 	0.824270387098 	0.822222222222
------------------------------------------------------------------------------
round  0 lamda  0.001
0.813492063492 	0.814777479092 	0.814134263915 	0.811111111111
