layers:  [594]
origin_y:  [24  8 18  8 12 22  2  0 10 22 21 13  1 11 19 13 21  1 12 16  9 16 18 18 16
 17  2 11  0 12 24 16 18 18 14  5  6  2 22 16 11  0  2  3  0 13 23 12  3 18
 23 23 11 17 13  6 15  5 22 11  3 20  1  9 25 19  1 25 21  1 16  6 10 14  9
 10 13  8  0  8 19 22 22  3  1 22  3 23  5 20 22  9  3 19 24  8  9  8 17  5
 14  6 19 15 15 19 20 20  1  3 13  2  2  8  8  8 15 23  1  8 16 22]
predict_y:  [25 10 19  5 12 23  2 15 12 22 21 13  1 11 12 13 21  1 12 16 11 16 23  7 16
 17  2 11  0 12 10 16  5 18  6  5  6  2 22 16 11  0  2  0  0 13  9 12  3 18
 23 20 11 17 13  6 15 18 22 22 17 20  1 25 10 19 12 24 21  1 16  6  3 14  9
 18 13  8 23  2 19 22 22  3  1 19  3 24  5 20  0 20 20 19  1  8 11 22 17 19
 14  6 19 15  3 19 20 20  1 21 13  2  2 22 22 25 15 22  1 11 16  0]
first results from right DBN , presion, recall, F1, accuracy: 
(0.61534346846846855, 0.61209690893901425, 0.61371589515556901) 0.754098360656
top layer hidden units:  [1270]
predict_y:  [25 19 25  5 12 23  2  9  2 22 21 13  1 11 12 13 21  1 12 16 11 16  0  7 16
 17  2 11  0 11 10 16  5  1  6  5  6  2 21 16 11  0  2  0  0 13  5 12 11 18
 23 20 11 17 13  6 15  5 18 22 17 20  1 25 10 19 25 16 21  1 16  6 10 14  9
 18 13  8  0  2 19 18 22  3  1 19  3 19  5 20 23 20  2 19  1 11 12  8 17 19
 14  6 19 15  3 19 20 20  1 25 13  2  2  2 22 25 15 21  1 24 16 22]
second results from LDADBN, presion, recall, F1, accuracy: 
(0.64103087816323112, 0.63177944862155389, 0.63637154135666441) 0.713114754098
Finish all using  28.55 mins
------------------------------------------------------------------------------
layers:  [594, 594]
origin_y:  [24  8 18  8 12 22  2  0 10 22 21 13  1 11 19 13 21  1 12 16  9 16 18 18 16
 17  2 11  0 12 24 16 18 18 14  5  6  2 22 16 11  0  2  3  0 13 23 12  3 18
 23 23 11 17 13  6 15  5 22 11  3 20  1  9 25 19  1 25 21  1 16  6 10 14  9
 10 13  8  0  8 19 22 22  3  1 22  3 23  5 20 22  9  3 19 24  8  9  8 17  5
 14  6 19 15 15 19 20 20  1  3 13  2  2  8  8  8 15 23  1  8 16 22]
predict_y:  [25 10 19  5 12 23  2 15 12 22 21 13  1 11 12 13 21  1 12 16 11 16  0  7 16
 17  2  3  0  6 10 16  5 18  6  5  6  2 22 16 11  0  2  0 20 13 18 11 11 18
  3 20 11 17  8  6 15  5 18 22 17 20  1 25 10 19 25 16 21  1 16  6 18 14  9
 18 13  8  0  2 19 18 22  3  1 21  3 19  5 23 23 20  2 19  1 12 14 22 17 10
 14 12 19 15 15 19 20 20  1 21 13  2  2 22 22 25 15 21 25  8 12  0]
first results from right DBN , presion, recall, F1, accuracy: 
(0.54208806329549364, 0.52701754385964905, 0.53444658368940212) 0.66393442623
top layer hidden units:  [1270]
predict_y:  [25 10 19  5 12 23  2 24 12 22 21 13  1  2 12 13 21  1 12 16 11 16  0  7 16
 17  2  3  0  6 10 16  5 18  6  5  6  2 22 16 11  0  2 18 20 13 18 11 11 18
 23 20 11 17  8  6 15  5 18 22 14 20  1 25  8 19 25 16 21  1 16  6 18 14  9
 18 13  8 23  2 19 18 22  3  1 21  3 19  5 23 23 20  2 19  1 18 14 22 17  5
 14 12 19 15 15 19 20 20  1 21 13  2  2 22 25 25 15  0  1  8 16  0]
second results from LDADBN, presion, recall, F1, accuracy: 
(0.55501765923760815, 0.55844611528822052, 0.55672660899919357) 0.680327868852
Finish all using  39.22 mins
------------------------------------------------------------------------------
layers:  [594, 594, 594]
origin_y:  [24  8 18  8 12 22  2  0 10 22 21 13  1 11 19 13 21  1 12 16  9 16 18 18 16
 17  2 11  0 12 24 16 18 18 14  5  6  2 22 16 11  0  2  3  0 13 23 12  3 18
 23 23 11 17 13  6 15  5 22 11  3 20  1  9 25 19  1 25 21  1 16  6 10 14  9
 10 13  8  0  8 19 22 22  3  1 22  3 23  5 20 22  9  3 19 24  8  9  8 17  5
 14  6 19 15 15 19 20 20  1  3 13  2  2  8  8  8 15 23  1  8 16 22]
predict_y:  [25 19 19  5 12 23  2 15 12 22 21 13  1  2 12 13 21  1 12 16 11 16  0  7 16
  3  2 24  0 14 10 16  5  1  6  5  6  2 22 16 11  0  2 18 20 13 18 12 10 18
 23 20 11 17 23  6 15  5 22 22 17 20  1 25 10 19 25 16 21  1 16  6 10 14  7
 18 13  8  0  2 19 22 22 17  1 21  3 24  5 20  0 20  2 19  1 18  9  8 14 19
  3  6 19 15 24 19 20 23  1 21 13  2 21 22 25 10 15  0  9 11 16 22]
first results from right DBN , presion, recall, F1, accuracy: 
(0.6044795783926219, 0.61169590643274863, 0.6080663329240743) 0.688524590164
top layer hidden units:  [1270]
predict_y:  [25 19 19  5 12 23  2 15 12 22 21 13  1 11 17 13 21  1 12 16 11 16  0  7 16
 17  2 24  0 14 10 16  5  1  6  5  6  2 22 16 11  0  2 18 20 13 18 12 10 18
 23 20  3 17 13  6 15  3 18 22 17 20  1 25 10 19 25 16 21  1 16  6 10 14  7
 18 13  8  0  2 19 18 22 17  1 21  3  5  5 20  0 20  2 19  1 18  9  8 14  5
  3  6 19 15  7 19 20 23  1 21 13  2  2 22 25 10 15 23 24 11 16 22]
second results from LDADBN, presion, recall, F1, accuracy: 
(0.62965880318821499, 0.62543024227234756, 0.62753739943991249) 0.704918032787
Finish all using  46.86 mins
------------------------------------------------------------------------------
layers:  [594, 594, 594, 594]
origin_y:  [24  8 18  8 12 22  2  0 10 22 21 13  1 11 19 13 21  1 12 16  9 16 18 18 16
 17  2 11  0 12 24 16 18 18 14  5  6  2 22 16 11  0  2  3  0 13 23 12  3 18
 23 23 11 17 13  6 15  5 22 11  3 20  1  9 25 19  1 25 21  1 16  6 10 14  9
 10 13  8  0  8 19 22 22  3  1 22  3 23  5 20 22  9  3 19 24  8  9  8 17  5
 14  6 19 15 15 19 20 20  1  3 13  2  2  8  8  8 15 23  1  8 16 22]
predict_y:  [25 19 25  5 12 22  2 15 12 22 21 13  1 23 12 13 21  1 19 24 23 16 23  7 16
 17  2  3  0 14 10 16  5  1  6  5  6  2 22 16 11  0  2 18  0 13  6 11 10 18
 23 20  3 13 23  6 15  5 23 22 17 20  1 25 10 19 25 16 21  1 16 11 10 14  9
 18 13  8  0  2  6 23 22  3  1  0  6 24  5 20  0 20  2 19  1 23 14 22 17  5
  3  6 19 15 15 19 20 20  1 21 13  2  2 23 22 10 15  7 24 11 16  0]
first results from right DBN , presion, recall, F1, accuracy: 
(0.57694857124204957, 0.5878111946532999, 0.58232923019041538) 0.647540983607
top layer hidden units:  [1270]
predict_y:  [25 10 25  5 12 22  2 15 12 22 21 13  1  2 12 13 21  1 12 24 23 16 23 22 16
 17  2 11  0  3 10 16  5  9  6  5  6  2 22 16 14  0  2 18  0 13  6 11 10 18
  8 20  3 13  8  6 15  5 23 22 17 20  1 25 10 19 25 16 21  1 16  6 10 14 24
 18 13  8  0  2 19 23 22  3  1  0  4 24  5 20  0 20  2 19  1 23 14 22 17  5
  3 12 19 15 15 19 20 20  1 21 13  2  2 23 22 10 15  2 25 11 16  0]
second results from LDADBN, presion, recall, F1, accuracy: 
(0.55597503373819157, 0.57511278195488724, 0.56538200467610289) 0.647540983607
Finish all using  34.10 mins
------------------------------------------------------------------------------
layers:  [594, 594, 594, 594, 594]
origin_y:  [24  8 18  8 12 22  2  0 10 22 21 13  1 11 19 13 21  1 12 16  9 16 18 18 16
 17  2 11  0 12 24 16 18 18 14  5  6  2 22 16 11  0  2  3  0 13 23 12  3 18
 23 23 11 17 13  6 15  5 22 11  3 20  1  9 25 19  1 25 21  1 16  6 10 14  9
 10 13  8  0  8 19 22 22  3  1 22  3 23  5 20 22  9  3 19 24  8  9  8 17  5
 14  6 19 15 15 19 20 20  1  3 13  2  2  8  8  8 15 23  1  8 16 22]
predict_y:  [25 10 18 19 12 22  2 25 12 22 21  8  1 11 12 13 21  1 12 24  8 16  0 13 16
 17  2 11  0  3 10 16 19 18  6  5  2  2 22 16 11  0  2 18  7 13 23 12 11 18
 19 20  3 17 13  6 15 19 23 22  6 20  1 25  8 19 25 16 21  1 16  6 18 14  9
 18 13  8  0  2 19 23  7  3  1 22 12 22  5 25 23 20 10 19  1 11 12 22 17  5
  3 12 19 15 15 19 20  0  1 21 13  2  2 23 22 10 15 23 25 19 12  0]
first results from right DBN , presion, recall, F1, accuracy: 
(0.54111493082081319, 0.55035087719298248, 0.54569382687559265) 0.66393442623
top layer hidden units:  [1270]
predict_y:  [25 10 18  9 12 22  2  8  6 22 21  8  1 11 12 13 21  1 12 24  8 16  0  7 16
 17  2 11  0  3 10 16  5 18  6  5 16  2 22 16 11  0  2 18  7 13  7 12 10 18
 23 20  3 17 13  6 15 19 23 22 17 20  1 25  8 19 24 16 21  1 16  6 18 14  9
 18 13  8  0  2 19 23  4  3  1 22  3 22  5 25 22 20 10 19  1 11  3 22 17  5
  3 12 19 15 15 19 20  0  1 21 13  2  2 23  8 10 15 23 25 19 16  0]
second results from LDADBN, presion, recall, F1, accuracy: 
(0.56498380388323455, 0.56146198830409355, 0.56321739064233223) 0.680327868852
Finish all using  43.53 mins
------------------------------------------------------------------------------
origin_y:  [24  8 18  8 12 22  2  0 10 22 21 13  1 11 19 13 21  1 12 16  9 16 18 18 16
 17  2 11  0 12 24 16 18 18 14  5  6  2 22 16 11  0  2  3  0 13 23 12  3 18
 23 23 11 17 13  6 15  5 22 11  3 20  1  9 25 19  1 25 21  1 16  6 10 14  9
 10 13  8  0  8 19 22 22  3  1 22  3 23  5 20 22  9  3 19 24  8  9  8 17  5
 14  6 19 15 15 19 20 20  1  3 13  2  2  8  8  8 15 23  1  8 16 22]
predict_y:  [25 19 19  5 12 23  2 15 12 22 21 13  1  2 12 13 21  1 12 16 11 16  0  7 16
  3  2 24  0 14 10 16  5  1  6  5  6  2 22 16 11  0  2 18 20 13 18 12 10 18
 23 20 11 17 23  6 15  5 22 22 17 20  1 25 10 19 25 16 21  1 16  6 10 14  7
 18 13  8  0  2 19 22 22 17  1 21  3 24  5 20  0 20  2 19  1 18  9  8 14 19
  3  6 19 15 24 19 20 23  1 21 13  2 21 22 25 10 15  0  9 11 16 22]
first results from right DBN , presion, recall, F1, accuracy: 
(0.6044795783926219, 0.61169590643274863, 0.6080663329240743) 0.688524590164
top layer hidden units:  [1270]
predict_y:  [25 19 19  5 12 23  2 15 12 22 21 13  1 11 17 13 21  1 12 16 11 16  0  7 16
 17  2 24  0 14 10 16  5  1  6  5  6  2 22 16 11  0  2 18 20 13 18 12 10 18
 23 20  3 17 13  6 15  3 18 22 17 20  1 25 10 19 25 16 21  1 16  6 10 14  7
 18 13  8  0  2 19 18 22 17  1 21  3  5  5 20  0 20  2 19  1 18  9  8 14  5
  3  6 19 15  7 19 20 23  1 21 13  2  2 22 25 10 15 23 24 11 16 22]
second results from LDADBN, presion, recall, F1, accuracy: 
(0.62965880318821499, 0.62543024227234756, 0.62753739943991249) 0.704918032787
top layer hidden units:  [317, 317]
predict_y:  [25 19 19  5 12 23  2 15 12 22 21 13  1 10 17 13 21  1 12 16 11 16  0  7 16
 17  2 24  9 14 10 16 11  1  6  5  6  2 22 16 11  0  2 18 20 13 18 12 10 18
 23 20  3 17 13  6 15  9 22 22 17 20  1 25 10 19 25 16 21 25 16  6  3 14  7
 18 13  8  0  2 19 22 22 17  1 21  4  5  5 20  0 20  2 19  1 18  9  8 14  5
 14  6 19 15  7 19 20 23  1 21 13  2  2 22 25 10 15 22 24 11 16 22]
second results from LDADBN, presion, recall, F1, accuracy: 
(0.56873001725942907, 0.54511278195488722, 0.55667101696616805) 0.533333333333
top layer hidden units:  [317, 317, 317]
predict_y:  [25 19 19  5 12 23  2 15 12 22 21  8  1 11 17 13 21  1 12 16 11 16  0  7 16
 17  2  9  9 14 10 16  5  1  6  5  6  2 22 16 11  0  2 18 20 13 18 12 10 18
 23 20  3 17  8  6 15  9 22 22 17 20  1 25 16 19 25 16 21  1 16  6  3 14  7
 18 13  8  0  2 19 22 22 17  1 21  3  5  5 20  0 20  2 19  1  3  9  8 14  5
  3  6 19 15  7 19 20 23  1 21 13  2  2 22 25 25 15 23 24 11 16 22]
second results from LDADBN, presion, recall, F1, accuracy: 
(0.56588630667578033, 0.55781119465329987, 0.56181973599017332) 0.541666666667
top layer hidden units:  [317, 317, 317, 317]
predict_y:  [25 19 19  5 12 23  2 22 12 22 21  8  1  6 17 13 21  1 12 16 11 16  0  7 16
 17  2 24  9 14 10 16 11  9  6  5  6  2 22 16 11  0  2 18 20 13 18 12 10 18
 23 23  3 17  8  6 15  3 22 22 17 20  1 25 10 19 25 16 21  1 16  6  3 14  7
 18 13  8  0  2 19 22 22  3  1 21 14 21  5 20  0 20  2 19  1  3 14  8 14 19
  3  6 19 15  7 19 20 23  1 21 13  2  2 22 25 25 15 23 24 11 16 22]
second results from LDADBN, presion, recall, F1, accuracy: 
(0.5707987614237614, 0.56892230576441105, 0.56985898888023345) 0.525
top layer hidden units:  [317, 317, 317, 317]
predict_y:  [25 19 19  5 12 23  2 22 12 22 21  8  1  6 17 13 21  1 12 16 11 16  0  7 16
 17  2 24  9 14 10 16 11  9  6  5  6  2 22 16 11  0  2 18 20 13 18 12 10 18
 23 23  3 17  8  6 15  3 22 22 17 20  1 25 10 19 25 16 21  1 16  6  3 14  7
 18 13  8  0  2 19 22 22  3  1 21 14 21  5 20  0 20  2 19  1  3 14  8 14 19
  3  6 19 15  7 19 20 23  1 21 13  2  2 22 25 25 15 23 24 11 16 22]
second results from LDADBN, presion, recall, F1, accuracy: 
(0.5707987614237614, 0.56892230576441105, 0.56985898888023345) 0.525
Finish all using  158.64 mins
------------------------------------------------------------------------------
origin_y:  [24  8 18  8 12 22  2  0 10 22 21 13  1 11 19 13 21  1 12 16  9 16 18 18 16
 17  2 11  0 12 24 16 18 18 14  5  6  2 22 16 11  0  2  3  0 13 23 12  3 18
 23 23 11 17 13  6 15  5 22 11  3 20  1  9 25 19  1 25 21  1 16  6 10 14  9
 10 13  8  0  8 19 22 22  3  1 22  3 23  5 20 22  9  3 19 24  8  9  8 17  5
 14  6 19 15 15 19 20 20  1  3 13  2  2  8  8  8 15 23  1  8 16 22]
predict_y:  [25 19 19  5 12 23  2 15 12 22 21 13  1  2 12 13 21  1 12 16 11 16  0  7 16
  3  2 24  0 14 10 16  5  1  6  5  6  2 22 16 11  0  2 18 20 13 18 12 10 18
 23 20 11 17 23  6 15  5 22 22 17 20  1 25 10 19 25 16 21  1 16  6 10 14  7
 18 13  8  0  2 19 22 22 17  1 21  3 24  5 20  0 20  2 19  1 18  9  8 14 19
  3  6 19 15 24 19 20 23  1 21 13  2 21 22 25 10 15  0  9 11 16 22]
first results from right DBN , presion, recall, F1, accuracy: 
(0.6044795783926219, 0.61169590643274863, 0.6080663329240743) 0.688524590164
top layer hidden units:  [1270]
predict_y:  [25 19 19  5 12 23  2 22 12 22 21  8  1 11 17 13 21  1 12 24 11 16  0  7 16
 17  2  9  0 14 10 16 11  1  6  5  6  2 22 16 11  0  2 18 18 13 18 12 10 18
 23 20  3 17  8  6 15  9 22 22 17 20  1  1  5 19 25 16 21  1 16  6  3 14  7
 18 13  8  0  2 19 22 22  3  1 21  4 19  5 20  0 20  2 19  1 18  7  8 14 19
  3  6 19 15 15 19 20 23  1 21 13  2  2 22 25 10 15  2 24 11 16 22]
second results from LDADBN, presion, recall, F1, accuracy: 
(0.56038647342995163, 0.55781119465329987, 0.55909586852802884) 0.532786885246
Finish all using  84.40 mins
------------------------------------------------------------------------------
test for top layers using 1000 articles:
first results from right DBN , presion, recall, F1, accuracy: 
(0.63801285860109391, 0.64552205535812091, 0.6417454910652709) 0.74
(900, 594)
(676,)
(900, 1270) (100, 1270)
second results from LDADBN, presion, recall, F1, accuracy: 
(0.64206893735195625, 0.68845134828741383, 0.66445168913904396) 0.76
second results from LDADBN, presion, recall, F1, accuracy: 
(0.64206893735195625, 0.68845134828741383, 0.66445168913904396) 0.76
second results from LDADBN, presion, recall, F1, accuracy: 
(0.65323277351579245, 0.68845134828741383, 0.6703798254212886) 0.76
second results from LDADBN, presion, recall, F1, accuracy: 
(0.66005291005291, 0.68845134828741383, 0.67395310479216264) 0.76
second results from LDADBN, presion, recall, F1, accuracy: 
(0.63599015363721245, 0.68298686741309689, 0.65865123623209176) 0.74
Finish all using  62.95 mins

layers:  [594]
origin_y:  [10 10 10 10 11 11 11 11 11 11 11 11 11 11 11 11 11 11 11 11 11 11 13 13 18
 18 18 19 20 20 20 20 20 20 20 20 20 20 20 20 20 13 16 16 24 22 22 22 22 22
 22 24 24  0  3  0  9 11 20 17 20 18 20 13  2 19 17  8 20 25  3 21 20 20 20
 10 10 18 18  9 11  0 11 19  7 22  2 17 19 19  7 11 17 20 15 20 20  7 11 20]
predict_y:  [19 24 10  7  1 11 11 11 11 11 11 11 11  2  1 11 11  1 11 11 20 11 13 13 18
 18 19 11 20 20 20 20 20 20  9 20 12 20 20 20 20 13  9  3 24  8  8  3  8  8
 16  1 24 19 11  9 19 20 20 17 20 18  7 13  2 19 12  3 20 25 10  9 20  9 20
 10  1 18 18  9  0  0  1  1  7 22  2 17 19 19 19 19 17  1 15 20 20 11 11 20]
first results from right DBN , presion, recall, F1, accuracy: 
(0.6226772179602369, 0.64785305768912327, 0.63501570539548013) 0.74
top layer hidden units:  [317]
predict_y:  [20 24 10 11  1 11 11 11 11 11 11 11 11  2  1 11 11  1 11 11 20 11 13 13 18
 18 18 11 20 20 20 20 20 20 19 20 12 20 20 20 20 13  9  3 24  8  8 18  8  8
 21  1 24 19 11  9 19 20 20 17 20 18 20 13  2 19 25  3 20 25 10  9 20  9 20
 10  1 18 18  9  0  0 11  1  7  8  2 17 19 19 19 19 17  1 15 20 20  1 11 20]
second results from LDADBN, presion, recall, F1, accuracy: 
(0.62617521367521367, 0.63270154253760813, 0.62942146105388375) 0.73
Finish all using  10.42 mins
------------------------------------------------------------------------------
layers:  [594, 594]
origin_y:  [10 10 10 10 11 11 11 11 11 11 11 11 11 11 11 11 11 11 11 11 11 11 13 13 18
 18 18 19 20 20 20 20 20 20 20 20 20 20 20 20 20 13 16 16 24 22 22 22 22 22
 22 24 24  0  3  0  9 11 20 17 20 18 20 13  2 19 17  8 20 25  3 21 20 20 20
 10 10 18 18  9 11  0 11 19  7 22  2 17 19 19  7 11 17 20 15 20 20  7 11 20]
predict_y:  [20  1 10  7  1 11 11 11 11 11 11 11 11  2  3 11 11 25 11 11 20 11 13 13 18
 18 18 11 19 20 20 20 20 20 18 20 11 20 20 20 20 13  9 19 24  8  8 18  8  8
 21  1 23 19 11  9 19 20 20 17 20 18 20 13  2 19 12  3 20 25 10  9 20  9 20
 10 10 18 18  9  0  0 11  1  7  8  2 17 19 19 19 19 17  1 15 20 20 11 11 20]
first results from right DBN , presion, recall, F1, accuracy: 
(0.63411369332421963, 0.65331753856344021, 0.64357238978042874) 0.76
top layer hidden units:  [317]
predict_y:  [20  1 10  7  1 11 11 11 11 11 11 11 11 25  3 11 11 25 11 11 20 11 13 13 18
 18 18 11 19 20 20 20 20 20  9 20 12 20 20 20 20 13  9 19 24  8  8 18  8  8
 21  1 24 19 11  9 19 20 20 17 20 18 20 13  2 19 12  3 20 25 10  9 20  9 20
 10 10 18 18  9  0  0 11  1  7 13  2 17 19 19 19 19 14  1 15 20 20 11 11 20]
second results from LDADBN, presion, recall, F1, accuracy: 
(0.64262820512820518, 0.66554256308354665, 0.65388469631599988) 0.75
Finish all using  16.37 mins
------------------------------------------------------------------------------
layers:  [594, 594, 594]
origin_y:  [10 10 10 10 11 11 11 11 11 11 11 11 11 11 11 11 11 11 11 11 11 11 13 13 18
 18 18 19 20 20 20 20 20 20 20 20 20 20 20 20 20 13 16 16 24 22 22 22 22 22
 22 24 24  0  3  0  9 11 20 17 20 18 20 13  2 19 17  8 20 25  3 21 20 20 20
 10 10 18 18  9 11  0 11 19  7 22  2 17 19 19  7 11 17 20 15 20 20  7 11 20]
predict_y:  [20  1 10 11  1 11 11  1 11 11 11  1 11  2  1 11 11 25 11 11 20 11 13 13 18
 18 18 11 20 20 20 20 20 20  9 20  6 20 20 20 20 13  9  3 24  8  8 19  8  8
 25  1 24 19 11  9 19 20 20 17 20 18 20 13  2 19 12  3 20 25 10  9 20  9 20
 10  1 18 18  9  0  0  1  1  7  8  2 17 19 19 19 19 14 20 20 20 20 11 11 20]
first results from right DBN , presion, recall, F1, accuracy: 
(0.63801285860109391, 0.64552205535812091, 0.6417454910652709) 0.74
top layer hidden units:  [317]
predict_y:  [20  1 10 11  1 11 11 11 11 11 11 11 11  2  1 11 11 25 11 22 20 11 13 13 18
 18 18 11 20 20 20 20 20 20 19 20  6 20 20 20 20 13  9 16 24  8  8 19  8 22
 25  1 24 19 11  9 19 20 20 17 20 18 20 13  2 19 12  3 20 25 10  9 20  9 20
 10 10 18 18  9  0  0  1  1  7  8  2 17 19 19 19 19 14 20 15 20 20 10 11 20]
second results from LDADBN, presion, recall, F1, accuracy: 
(0.64206893735195625, 0.68845134828741383, 0.66445168913904396) 0.76
Finish all using  21.80 mins
------------------------------------------------------------------------------
layers:  [594, 594, 594, 594]
origin_y:  [10 10 10 10 11 11 11 11 11 11 11 11 11 11 11 11 11 11 11 11 11 11 13 13 18
 18 18 19 20 20 20 20 20 20 20 20 20 20 20 20 20 13 16 16 24 22 22 22 22 22
 22 24 24  0  3  0  9 11 20 17 20 18 20 13  2 19 17  8 20 25  3 21 20 20 20
 10 10 18 18  9 11  0 11 19  7 22  2 17 19 19  7 11 17 20 15 20 20  7 11 20]
predict_y:  [20  1 10 14  1 11 11  1 11 11  8  1 11  2  1 11 11  1 11 11 20 11 13 13 18
 18 18  8 19 20 20 20 20 20  9 20  6 20 20 20 20 13  9 19 24 19  8 19  8  8
 22  1 24 19 11  9 19 20 20  7 20 18 20 13  2 19 14  3 20  1 10  9 20  9 20
 10 10 18 18  9  0 21 13  1  7  8  2 17 19 19 19 19 17  1  3 20 20  1 11 20]
first results from right DBN , presion, recall, F1, accuracy: 
(0.5501228269085412, 0.632456341472735, 0.58842347264320949) 0.72
top layer hidden units:  [317]
predict_y:  [20 24 10 14  1 11 11 11 11 11  8 24 11  2  3 11 11 24 11  8 20 11 13 13 18
 18 18  8 19 20 20 20 20 20  9 20  6 20 20 20 20 13  9 19 24  8  8 19  8  8
 22  1 24 19 11  9 19 20 20 17 20 18 20 13  2 19 17  3 20 25 10  9 20  9 20
 10 10 18 18  9  0  0 13  1  7  8  2 17 19 19 19 19 17 20 15 20 20 10 11 20]
second results from LDADBN, presion, recall, F1, accuracy: 
(0.62655075187969922, 0.70589565261696408, 0.66386077579284342) 0.75
Finish all using  28.28 mins
------------------------------------------------------------------------------
layers:  [594, 594, 594, 594, 594]
origin_y:  [10 10 10 10 11 11 11 11 11 11 11 11 11 11 11 11 11 11 11 11 11 11 13 13 18
 18 18 19 20 20 20 20 20 20 20 20 20 20 20 20 20 13 16 16 24 22 22 22 22 22
 22 24 24  0  3  0  9 11 20 17 20 18 20 13  2 19 17  8 20 25  3 21 20 20 20
 10 10 18 18  9 11  0 11 19  7 22  2 17 19 19  7 11 17 20 15 20 20  7 11 20]
predict_y:  [20  1 10 14  1 11 12 11 11 11 11 11  1  2  1 11  7  1 11 14 20 25 13 13 18
 24 19  1 20 20 20 20 10 20  9 20  4 20 20 20 20 13  9  7  1  8 12 19  8 22
 25  1  8 19 24  9 19 10 20  3 20 18 20 13  2 19 12  3 20 25 13  9 20  9 20
 10 10 18 18  9  8  9 11  1  7 12  2 17 19 19  3 19 17  7 15 20 20  9 11 20]
first results from right DBN , presion, recall, F1, accuracy: 
(0.58486099076837506, 0.58369954271593616, 0.5842796895527248) 0.69
top layer hidden units:  [317]
predict_y:  [20  1 10 14  1 11 12 11 24 11 11 11 11  2  1 11 11  1 11 14 20 25 13 13 18
 24 19 22 20 20 20 20 10 20  3 20  6 20 20 20 20 13  9 19  1  8 12 19  8 22
 21 24  8 19 11  9 19 20 20 17 20 18 20 13  2 19 12  3 20 25 10  9 20  9 20
 10 10 18 18  9  0  0 11  1  7 12  2 17 19 19 19 19 17 20 15 20 20  4 11 20]
second results from LDADBN, presion, recall, F1, accuracy: 
(0.56725327812284332, 0.63145961506617243, 0.59763691319868661) 0.68
Finish all using  35.06 mins
------------------------------------------------------------------------------
test for DBN middle layer units:
layers:  [100, 100, 100]
origin_y:  [10 10 10 10 11 11 11 11 11 11 11 11 11 11 11 11 11 11 11 11 11 11 13 13 18
 18 18 19 20 20 20 20 20 20 20 20 20 20 20 20 20 13 16 16 24 22 22 22 22 22
 22 24 24  0  3  0  9 11 20 17 20 18 20 13  2 19 17  8 20 25  3 21 20 20 20
 10 10 18 18  9 11  0 11 19  7 22  2 17 19 19  7 11 17 20 15 20 20  7 11 20]
predict_y:  [20 10 10 11  1 11 11 11 11 11  8 11 11  2  1 11 11 24 11 11 20 11 13 13 18
 18 18 11 20 20 20 20 20 20  9 20 11 20 20 20 20 13  9  3 24  8  8  5  8 11
 25  1 24 19 11  9 19 20 20  3 20 18 20 13  2 19 13  3 20 25 10  9 20  9 20
 10 10 18 18  9  0  0 13  1  7  8  2 17 19 19 19 19 17 20 15 20 20 10 11 20]
first results from right DBN , presion, recall, F1, accuracy: 
(0.63886946386946386, 0.69332034086132444, 0.66498211123208339) 0.76
top layer hidden units:  [194]
predict_y:  [20 10 10 11  1 11 11 11 11 11  8 11 11  2  1 11 11 24 11 11 20 11 13 13 18
 18 18  8 20 20 20 20 20 20  9 20  6 20 20 20 20 13  9  3 24  8  8  5  8 11
 25  1 24 19 11  9 19 20 20 17 20 18 20 13  2 19 13  3 20 25 10  9 20  9 20
 10 10 18 18  9  0  0 13  1  7  8  2 17 19 19 19 19 17 20 15 20 20 10 11 20]
second results from LDADBN, presion, recall, F1, accuracy: 
(0.63842813371115259, 0.70340861324467874, 0.66934498434172374) 0.76
Finish all using  5.27 mins
------------------------------------------------------------------------------
layers:  [200, 200, 200]
origin_y:  [10 10 10 10 11 11 11 11 11 11 11 11 11 11 11 11 11 11 11 11 11 11 13 13 18
 18 18 19 20 20 20 20 20 20 20 20 20 20 20 20 20 13 16 16 24 22 22 22 22 22
 22 24 24  0  3  0  9 11 20 17 20 18 20 13  2 19 17  8 20 25  3 21 20 20 20
 10 10 18 18  9 11  0 11 19  7 22  2 17 19 19  7 11 17 20 15 20 20  7 11 20]
predict_y:  [20 24 10 11  1 11 11 11 11 11 11 11 11  2  1 11 11 25 11 11 20 11 13 13 18
 18 18 11 20 20 20 20 20 20  9 20 11 20 20 20 20 13  9 19 24  8  8 18  8 11
 21  1 21 19 11  9 19 20 20 17 20 18 20 13  2 19 14  3 20 25 10  9 20  9 20
 10  1 18 18  9  0  0 13  1  7  8  2 17 19 19 19 19 17 20 15 20 20 13 11 20]
first results from right DBN , presion, recall, F1, accuracy: 
(0.62735404896421842, 0.61271924796514965, 0.61995029171431593) 0.74
top layer hidden units:  [219]
predict_y:  [20 24 10 11  1 11 11 11 11 11  8 11 11  2  1 11 11 25 11 11 20 11 13 13 18
 18 18 20 20 20 20 20 20 20  9 20 11 20 20 20 20 13  9 20 24  8  8 18  8 11
 21  1 23 19 11  9 19 20 20 17 20 18 20 13  2 19 12  3 20 25 10  9 20  9 20
 10  1 18 18  9  0  0 13  1  7 13  2 17 19 19 19 19 17 20 15 20 20 13 11 20]
second results from LDADBN, presion, recall, F1, accuracy: 
(0.58608297832435763, 0.59989873514463687, 0.59291038536872942) 0.73
Finish all using  7.61 mins
------------------------------------------------------------------------------
layers:  [300, 300, 300]
origin_y:  [10 10 10 10 11 11 11 11 11 11 11 11 11 11 11 11 11 11 11 11 11 11 13 13 18
 18 18 19 20 20 20 20 20 20 20 20 20 20 20 20 20 13 16 16 24 22 22 22 22 22
 22 24 24  0  3  0  9 11 20 17 20 18 20 13  2 19 17  8 20 25  3 21 20 20 20
 10 10 18 18  9 11  0 11 19  7 22  2 17 19 19  7 11 17 20 15 20 20  7 11 20]
predict_y:  [20 24 10 11  1 11 11 11  1 11 11 24 11  2  1 11 11 25 11 11 20 11 13 13 18
 18  3 11 20 20 20 20 20 20  3 20  3 20 20 20 20 13  9 19 24  8  8 18  8 11
 25  1 21 19 11 19 19 20 20 17 20 18 20 13  2 19  4  3 20 25 10  9 20  9 20
 10 10 18 18  9  0  0  1  1  7 13  2 17 19 19 19 19 17 20 15 20 20 10 11 20]
first results from right DBN , presion, recall, F1, accuracy: 
(0.57359584859584867, 0.6140153107366223, 0.59311775650673115) 0.69
top layer hidden units:  [244]
predict_y:  [20 24 10 11  1 11 11 11  1 11 11 24 11  2  1 11 11 25 11 11 20 11 13 13 18
 18  3 11 20 20 20 20 20 20  3 20  6 20 20 20 20 13  9 19 24  8  8 18  8 11
  9  1 21 19 11  9 19 20 20 17 20 18 20 13  2 19  4  3 20 25 10  9 20  9 20
 10 10 18 18  9  0  0 11  1  7 13  2 17 19 19 19 19 17 20 15 20 20 14 11 20]
second results from LDADBN, presion, recall, F1, accuracy: 
(0.60273892773892779, 0.61674755117378066, 0.60966277873213426) 0.7
Finish all using  10.20 mins
------------------------------------------------------------------------------
layers:  [400, 400, 400]
origin_y:  [10 10 10 10 11 11 11 11 11 11 11 11 11 11 11 11 11 11 11 11 11 11 13 13 18
 18 18 19 20 20 20 20 20 20 20 20 20 20 20 20 20 13 16 16 24 22 22 22 22 22
 22 24 24  0  3  0  9 11 20 17 20 18 20 13  2 19 17  8 20 25  3 21 20 20 20
 10 10 18 18  9 11  0 11 19  7 22  2 17 19 19  7 11 17 20 15 20 20  7 11 20]
predict_y:  [20  1 10 11  1 11 11 11 11 11  8 24 11 25  1 11 11 21 11 22 20 11 13 13 18
  7 18 11 20 20 20 20 20 20  9 20 11 20 20 20 20 13  9  3 24  1  8 18  8  8
  9  1 23 19 11  9 19 20 20 17 20 18 20 13  2 19 13  3 20 25 10  9 20  9 20
 10 10 18  1  9  0  0  1  1  7  8  2 17 19 19 19 19 14 20 15 20 20 11 11 20]
first results from right DBN , presion, recall, F1, accuracy: 
(0.61164113664113662, 0.63503254486861038, 0.62311739360243112) 0.73
top layer hidden units:  [269]
predict_y:  [20 24 10 11  1 20 11 11 11 11  8 11 11  2  1 11 11 21 11 22 20 11 13 13 18
 18 18 11 20 20 20 20 20 20  9 20 11 20 20 20 20 13  9  3 24  8  8 18  8 22
 21  1 23 19 11  9 19 20 20 17 20 18 20 13  2 19 13  3 20 25 10  9 20  9 20
 10 10 18 18  9  0  0  1  1  7 22  2 17 19 19 19 19 14 20 15 20 20 11 11 20]
second results from LDADBN, presion, recall, F1, accuracy: 
(0.63411369332421963, 0.65331753856344021, 0.64357238978042874) 0.76
Finish all using  14.55 mins
------------------------------------------------------------------------------
layers:  [500, 500, 500]
origin_y:  [10 10 10 10 11 11 11 11 11 11 11 11 11 11 11 11 11 11 11 11 11 11 13 13 18
 18 18 19 20 20 20 20 20 20 20 20 20 20 20 20 20 13 16 16 24 22 22 22 22 22
 22 24 24  0  3  0  9 11 20 17 20 18 20 13  2 19 17  8 20 25  3 21 20 20 20
 10 10 18 18  9 11  0 11 19  7 22  2 17 19 19  7 11 17 20 15 20 20  7 11 20]
predict_y:  [20 24 10 11  1 11 11 11 11 11 11 24 11  2  3 11 11 24 11 11 20 11 13 13 18
 18 18 11 20 20 20 20 20 20 18 12  7 20 20 20 20 13  9  3 24 19  8 18  8  8
  9  1 24 19 11 19 19 20 20 19 20 18 20 13  2 19 13  3 20 25 10  9 20  9 20
 10  1 18 18  9  0  0 11  1  7 13  2 17 19 19 19 19 17 20 15 20 20 11 11 20]
first results from right DBN , presion, recall, F1, accuracy: 
(0.61248473748473742, 0.62534551059141219, 0.61884831379282568) 0.74
top layer hidden units:  [294]
predict_y:  [20 24 10 11  1 11 11 11 11 11 11 11 11  2  3 11 11 24 11 22 20 11 13 13 18
 18 18 11 20 20 20 20 20 20 18 20  7 20 20 20 20 13  9 19 24  8  8 18  8 22
  9  1 24 19 11  9 19 20 20 17 20 18 20 13  2 19 13  3 20 25 10  9 20  9 20
 10  1 18 18  9  0  0 11  1  7 13  2 17 19 19 19 19 17 20 15 20 20 11 11 20]
second results from LDADBN, presion, recall, F1, accuracy: 
(0.63907309165929849, 0.64322926618008591, 0.64114444346196586) 0.76
Finish all using  18.07 mins
------------------------------------------------------------------------------
layers:  [600, 600, 600]
origin_y:  [10 10 10 10 11 11 11 11 11 11 11 11 11 11 11 11 11 11 11 11 11 11 13 13 18
 18 18 19 20 20 20 20 20 20 20 20 20 20 20 20 20 13 16 16 24 22 22 22 22 22
 22 24 24  0  3  0  9 11 20 17 20 18 20 13  2 19 17  8 20 25  3 21 20 20 20
 10 10 18 18  9 11  0 11 19  7 22  2 17 19 19  7 11 17 20 15 20 20  7 11 20]
predict_y:  [20  1 10 11  1 11 11 11 11 11  8 11 11  2  1 11 11 25 11 11 20 11 13 13 18
 18 18 11 20 20 20 20 20 20  9 20  3 20 20 20 20 13  9 19 24  8  8 18  8 22
 21  1 24 19 11  9 19 20 20 17 20 18 20 13  2 19 14  3 20 25 10  9 20  9 20
 10 10 18 18  9  0  0 13  1  7 13  2 17 19 19 19 19  5 20 20 20 20 10 11 20]
first results from right DBN , presion, recall, F1, accuracy: 
(0.61037851037851032, 0.64765880749487303, 0.62846628241600389) 0.73
top layer hidden units:  [319]
predict_y:  [20  1 10 11  1 11 11 11 11 11 11 24 11  2  1 11 11 25 11 11 20 11 13 13 18
 18 18 11 20 20 20 20 20 20  9 20 14 20 20 20 20 13  9 19 24  8  8 18  8 22
 21  1 24 19 11  9 19 20 20 17 20 18 20 13  2 19  8  3 20 25 10  9 20  9 20
 10 10 18 18  9  0  0 13  1  7 13  2 17 19 19 19 19  5 20 15 20 20 10 11 20]
second results from LDADBN, presion, recall, F1, accuracy: 
(0.60656565656565653, 0.64765880749487303, 0.62643904828139085) 0.73
Finish all using  22.43 mins
------------------------------------------------------------------------------
layers:  [700, 700, 700]
origin_y:  [10 10 10 10 11 11 11 11 11 11 11 11 11 11 11 11 11 11 11 11 11 11 13 13 18
 18 18 19 20 20 20 20 20 20 20 20 20 20 20 20 20 13 16 16 24 22 22 22 22 22
 22 24 24  0  3  0  9 11 20 17 20 18 20 13  2 19 17  8 20 25  3 21 20 20 20
 10 10 18 18  9 11  0 11 19  7 22  2 17 19 19  7 11 17 20 15 20 20  7 11 20]
predict_y:  [20 24 10 11  1 11 11 11 11 11  8 11 11  2  3 11 11 24 11 22 20 11 13 13 18
 18  3 11 20 20 20 20 20 20 19 20  7 20 20 20 20 13  9  3 24  8  8 19  8  8
 25  1 21 19 11  9 19 20 20 17 20 18 20 13  2 19 13  3 20 25 10  9 20  9 20
 10 10 18 18  9  0  0 14  1  7  8  2 17 19 19 19 19 17 20 20 20 20 11 11 20]
first results from right DBN , presion, recall, F1, accuracy: 
(0.62546674005007341, 0.64278981492096243, 0.63400996982851976) 0.73
top layer hidden units:  [344]
predict_y:  [20 24 10 11  1 11 11 11 11 11  8 11 11  2  1 11 11  1 11 22 20 11 13 13 18
 18 18 11 20 20 20 20 20 20 19 20  7 20 20 20 20 13  9 20 24  8  8 19  8 22
 25  1 21 19 11  9 19 20 20 17 20 18 20 13  2 19 13  3 20 25 10  9 20  9 20
 10 10 18 18  9  0  0 14  1  7  8  2 17 19 19 19 19 17 20 15 20 20 10 11 20]
second results from LDADBN, presion, recall, F1, accuracy: 
(0.63103956228956226, 0.66067357050963604, 0.64551664013389476) 0.75
Finish all using  25.73 mins
------------------------------------------------------------------------------
layers:  [800, 800, 800]
origin_y:  [10 10 10 10 11 11 11 11 11 11 11 11 11 11 11 11 11 11 11 11 11 11 13 13 18
 18 18 19 20 20 20 20 20 20 20 20 20 20 20 20 20 13 16 16 24 22 22 22 22 22
 22 24 24  0  3  0  9 11 20 17 20 18 20 13  2 19 17  8 20 25  3 21 20 20 20
 10 10 18 18  9 11  0 11 19  7 22  2 17 19 19  7 11 17 20 15 20 20  7 11 20]
predict_y:  [20 10 10 11  1 11 11  1  1 11  8  1 11  2  1 11 11 25 11 11 20 11 13 13 18
 18 18 11 20 20 20 20 20 20 19 20 11 20 20 20 20 13  9  3 24  1  8 19  8  8
 21  1 24 19 11 19 19 20 20 20 20 18 20 13  2 19 12  3 20 25 10  9 20  9 20
 10  1 18 19  9  0  0  1  1  7  8  2 17 19 19 19 19 17  3  3 20 20  2 11 20]
first results from right DBN , presion, recall, F1, accuracy: 
(0.61469284683570391, 0.64681811812959356, 0.63034643607545626) 0.69
top layer hidden units:  [369]
predict_y:  [20 24 10 11  1 11 11  1  1 11  8  1 11  2  1 11 11 21 11 11 20 11 13 13 18
 18 18 11 20 20 20 20 20 20 18 20 20 20 20 20 20 13  9  3 24 19  8 18  8 11
 21 24 24 19 11  9 19 20 20 17 20 18 20 13  2 19 12  3 20 25 10  9 20  9 20
 10  1 18 18  9  0  0  1  1  7  2  2 17 19 19 19 19 17 20 15 20 20  2 11 20]
second results from LDADBN, presion, recall, F1, accuracy: 
(0.61969696969696964, 0.61947979161093925, 0.61958836162264175) 0.71
Finish all using  31.46 mins
------------------------------------------------------------------------------
layers:  [900, 900, 900]
origin_y:  [10 10 10 10 11 11 11 11 11 11 11 11 11 11 11 11 11 11 11 11 11 11 13 13 18
 18 18 19 20 20 20 20 20 20 20 20 20 20 20 20 20 13 16 16 24 22 22 22 22 22
 22 24 24  0  3  0  9 11 20 17 20 18 20 13  2 19 17  8 20 25  3 21 20 20 20
 10 10 18 18  9 11  0 11 19  7 22  2 17 19 19  7 11 17 20 15 20 20  7 11 20]
predict_y:  [20 24 10  7  9 11 11 11 11 11  8 11 11  2  1 11 11 25  3 11 20 11 13 13 18
 18 19 11  7 20 20 20 20 20 18 20  7 20 20 20 20 13  9  3 24  8  8 19  8 11
  9  1 21 19 11  9 19 20 20 17 20  3 19 13  2 19 25  3 20  1 10  9 20  9 20
 10 10 18  1  9  0  1  1  1  7  8  2 17 19 19 19 19 17  1  3 20 20 11 11  3]
first results from right DBN , presion, recall, F1, accuracy: 
(0.51303418803418799, 0.56621702523341866, 0.53831524712816226) 0.68
top layer hidden units:  [394]
predict_y:  [20 24 10  7  9 11 11 11 11 11  8 11 11  2  1 11 11 25 11 11 20 11 13 13 18
 18 18 11 20 20 20 20 20 20 18 20  7 20 20 20 20 13  9  3  1  8  8 17  8 22
  9  1 22 19 11  9 19 20 20 17 20  3 20 13  2 19 12  3 20 25 10  9 20  9 20
 10 10 18 18  9  0  0 11  1  7  8  2 17 19 19 19 19 17 20 15 20 20 11 11 20]
second results from LDADBN, presion, recall, F1, accuracy: 
(0.65141218430692105, 0.65604977900059869, 0.65372275683149106) 0.77
Finish all using  37.46 mins
------------------------------------------------------------------------------
layers:  [1000, 1000, 1000]
origin_y:  [10 10 10 10 11 11 11 11 11 11 11 11 11 11 11 11 11 11 11 11 11 11 13 13 18
 18 18 19 20 20 20 20 20 20 20 20 20 20 20 20 20 13 16 16 24 22 22 22 22 22
 22 24 24  0  3  0  9 11 20 17 20 18 20 13  2 19 17  8 20 25  3 21 20 20 20
 10 10 18 18  9 11  0 11 19  7 22  2 17 19 19  7 11 17 20 15 20 20  7 11 20]
predict_y:  [20 24 10  7  1 11 11 11 11 11 11 11 11  2 10 11 11 25 11 11 20 11 13 13 18
 18 18 20 20 20  3 20 20 20  9 20 12 20 20 20 20 13  9  3 24  8  8  9  8  8
  9  1 24 19 11  9 19 20 20  9 20 18 20 13  2 19 12  3 20 25  3  9 20  9 20
 10 10 18 18  9  0  9  7  1  7  8  2 17 19  9 19 19 17  3 15 20 20 25 11 20]
first results from right DBN , presion, recall, F1, accuracy: 
(0.55946783101955511, 0.6072547670908327, 0.58238266400399197) 0.73
top layer hidden units:  [419]
predict_y:  [20 24 10 11  1 11 11 11 11 11 11 11 11  2  1 11 11 25 11 11 20 11 13 13 18
 18 18 20 20 20 20 20 20 20  9 20 20 20 20 20 20 13  9 19 24  8  8 18  8  8
  9  1 24 19 11  9 19 20 20 17 20 18 20 13  2 19 12  3 20 25  3  9 20  9 20
 10 10 18 18  9  0  0 11  1  7  8  2 17 19 19 19 19 17 20 15 20 20  6 11 20]
second results from LDADBN, presion, recall, F1, accuracy: 
(0.7213380489242559, 0.6989790719298915, 0.70998257020457534) 0.79
Finish all using  44.85 mins
------------------------------------------------------------------------------
layers:  [1100, 1100, 1100]
origin_y:  [10 10 10 10 11 11 11 11 11 11 11 11 11 11 11 11 11 11 11 11 11 11 13 13 18
 18 18 19 20 20 20 20 20 20 20 20 20 20 20 20 20 13 16 16 24 22 22 22 22 22
 22 24 24  0  3  0  9 11 20 17 20 18 20 13  2 19 17  8 20 25  3 21 20 20 20
 10 10 18 18  9 11  0 11 19  7 22  2 17 19 19  7 11 17 20 15 20 20  7 11 20]
predict_y:  [20  1 10  7  1  1 10  1 11 11 24 24  1  2  1  3 11  1  3 22 20 11 13 13  3
 18 18 11  7 20 20 20 20 20 19  7 11 20 20 20 20 13  9  3  1  8  8 18  8  8
  9  1 21 19 11  9 19 20 20 17 20 18 20 13  2 19  4  3 20  1 10  9 20  9 20
 10 10 18 18  9  9 19 11  1  7 17  2 17 19 19  3 19 17  1  3 20 20 10 11 20]
first results from right DBN , presion, recall, F1, accuracy: 
(0.54568250377073901, 0.55761906581578713, 0.55158621427266252) 0.64
top layer hidden units:  [444]
predict_y:  [20 24 10 11  1  1 11 24 11 11  8 24  1  2  1 11 11  1 11 22 20 11 13 13  3
 18 18 11 20 20 20 20 20 20 19 20 11 20 20 20 20 13  9 19  1  8  8 18  8  8
 21 24 21 19 11  9 19 20 20 17 20 18 20 13  2 19 11  3 20 25 10  9 20  9 20
 10 10 18 18  9  0  0 24  1  7 17  2 17 19 19 19 19 17 20 15 20 20 10 11 20]
second results from LDADBN, presion, recall, F1, accuracy: 
(0.57166146761735004, 0.60348758709414441, 0.5871435599491488) 0.66
Finish all using  51.86 mins
------------------------------------------------------------------------------
test for hidden units of top layer:
origin_y:  [10 10 10 10 11 11 11 11 11 11 11 11 11 11 11 11 11 11 11 11 11 11 13 13 18
 18 18 19 20 20 20 20 20 20 20 20 20 20 20 20 20 13 16 16 24 22 22 22 22 22
 22 24 24  0  3  0  9 11 20 17 20 18 20 13  2 19 17  8 20 25  3 21 20 20 20
 10 10 18 18  9 11  0 11 19  7 22  2 17 19 19  7 11 17 20 15 20 20  7 11 20]
predict_y:  [20  1 10 11  1 11 11  1 11 11 11  1 11  2  1 11 11 25 11 11 20 11 13 13 18
 18 18 11 20 20 20 20 20 20  9 20  6 20 20 20 20 13  9  3 24  8  8 19  8  8
 25  1 24 19 11  9 19 20 20 17 20 18 20 13  2 19 12  3 20 25 10  9 20  9 20
 10  1 18 18  9  0  0  1  1  7  8  2 17 19 19 19 19 14 20 20 20 20 11 11 20]
first results from right DBN , presion, recall, F1, accuracy: 
(0.63801285860109391, 0.64552205535812091, 0.6417454910652709) 0.74
top layer hidden units:  [100]
predict_y:  [20  1 10 11  1 11 11 11 11 11  8 11 11  2  1 11 11 25 11 22 20 11 13 13 18
 18 18 11 20 20 20 20 20 20 19 20  6 20 20 20 20 13  9  3 24  8  8 19  8 22
  9  1 24 19 11  9 19 20 20 17 20 18 20 13  2 19  6  3 20 25 10  9 20  9 20
 10  1 18 18  9  0  0  1  1  7  8  2 17 19 19 19 19 14 20 15 20 20 11 11 20]
second results from LDADBN, presion, recall, F1, accuracy: 
(0.63242175801138056, 0.65794133007247757, 0.64492919314775221) 0.74
top layer hidden units:  [200]
predict_y:  [20  1 10 11  1 11 11 11 11 11 11 11 11  2  1 11 11 25 11 22 20 11 13 13 18
 18 18 11 20 20 20 20 20 20  9 20  6 20 20 20 20 13  9 16 24  8  8 19  8 22
 25  1 24 19 11  9 19 20 20 17 20 18 20 13  2 19 12  3 20 25 10  9 20  9 20
 10 10 18 18  9  0  0 13  1  7  8  2 17 19 19 19 19 17 20 15 20 20 11 11 20]
second results from LDADBN, presion, recall, F1, accuracy: 
(0.66891441891441905, 0.69391582916173078, 0.68118579594852136) 0.78
top layer hidden units:  [300]
predict_y:  [20  1 10 11  1 11 11  1 11 11  8 11 11  2  1 11 11 25 11 11 20 11 13 13 18
 18 18 11 20 20 20 20 20 20  9 20  6 20 20 20 20 13  9 16 24  8  8 19  8 22
 25  1 24 19 11  9 19 20 20 17 20 18 20 13  2 19 12  3 20 25 10  9 20  9 20
 10 10 18 18  9  0  0  1  1  7  8  2 17 19 19 19 19 14 20 15 20 20 10 11 20]
second results from LDADBN, presion, recall, F1, accuracy: 
(0.64444988973290862, 0.68845134828741383, 0.66572433550929233) 0.76
top layer hidden units:  [400]
predict_y:  [20  1 10 11  1 11 11 11 11 11 11 11 11  2  1 11 11 25 11 11 20 11 13 13 18
 18 18 11 20 20 20 20 20 20  9 20  6 20 20 20 20 13  9 16 24  8  8 19  8 22
 25  1 24 19 11  9 19 20 20 17 20 18 20 13  2 19 12  3 20 25 10  9 20  9 20
 10 10 18 18  9  0  0 13  1  7  8  2 17 19 19 19 19 17 20 15 20 20 11 11 20]
second results from LDADBN, presion, recall, F1, accuracy: 
(0.67742673992673996, 0.69664806959888936, 0.6869029653888431) 0.79
top layer hidden units:  [500]
predict_y:  [20  1 10 11  1 11 11 11 11 11  8 11 11  2  1 11 11 25 11 22 20 11 13 13 18
 18 18 11 20 20 20 20 20 20  9 20  6 20 20 20 20 13  9 16 24  8  8 19  8 22
  9  1 24 19 11  9 19 20 20 17 20 18 20 13  2 19 12  3 20 25 10  9 20  9 20
 10 10 18 18  9  0  0 13  1  7  8  2 17 19 19 19 19 14 20 15 20 20 11 11 20]
second results from LDADBN, presion, recall, F1, accuracy: 
(0.66515151515151516, 0.69118358872457231, 0.67791773577809322) 0.77
top layer hidden units:  [600]
predict_y:  [20  1 10 11  1 11 11 11 11 11  8 11 11  2  1 11 11 25 11 22 20 11 13 13 18
 18 18 11 20 20 20 20 20 20  9 20  6 20 20 20 20 13  9 16 24  8  8 19  8 22
 25  1 24 19 11  9 19 20 20 17 20 18 20 13  2 19 12  3 20 25 10  9 20  9 20
 10 10 18 18  9  0  0 13  1  7  8  2 17 19 19 19 19 14 20 15 20 20 11 11 20]
second results from LDADBN, presion, recall, F1, accuracy: 
(0.6614909781576449, 0.69118358872457231, 0.67601139163244128) 0.77
top layer hidden units:  [700]
predict_y:  [20  1 10 11  1 11 11  1 11 11  8 11 11  2  1 11 11 25 11 22 20 11 13 13 18
 18 18 11 20 20 20 20 20 20  9 20  6 20 20 20 20 13  9  3 24  8  8 19  8  8
  9  1 24 19 11  9 19 20 20 17 20 18 20 13  2 19 12  3 20 25 10  9 20  9 20
 10 10 18 18  9  0  0  1  1  7  8  2 17 19 19 19 19 14 20 15 20 20 11 11 20]
second results from LDADBN, presion, recall, F1, accuracy: 
(0.65256064690026949, 0.68571910785025547, 0.66872909497768496) 0.75
top layer hidden units:  [800]
predict_y:  [20 24 10 11  1 11 11 11 11 11  8 11 11  2  1 11 11 25 11 22 20 11 13 13 18
 18 18 11 20 20 20 20 20 20  9 20  6 20 20 20 20 13  9 16 24  8  8 19  8  8
  9  1 24 19 11  9 19 20 20 17 20 18 20 13  2 19 12  3 20 25 10  9 20  9 20
 10 10 18 18  9  0  0  1  1  7  8  2 17 19 19 19 19 17 20 15 20 20 11 11 20]
second results from LDADBN, presion, recall, F1, accuracy: 
(0.67010489510489502, 0.69118358872457231, 0.68048104677645471) 0.77
top layer hidden units:  [900]
predict_y:  [20  1 10 11  1 11 11  1 11 11  8 11 11  2  1 11 11 25 11 11 20 11 13 13 18
 18 18 11 20 20 20 20 20 20  9 20  6 20 20 20 20 13  9 16 24  8  8 19  8  8
  9  1 24 19 11  9 19 20 20 17 20 18 20 13  2 19 12  3 20 25 10  9 20  9 20
 10  1 18 18  9  0  0 13  1  7  8  2 17 19 19 19 19 14 20 15 20 20 11 11 20]
second results from LDADBN, presion, recall, F1, accuracy: 
(0.64650072150072146, 0.66340581094679452, 0.65484418132262157) 0.76
top layer hidden units:  [1000]
predict_y:  [20 24 10 11  1 11 11 11 11 11  8 11 11  2  1 11 11 25 11 22 20 11 13 13 18
 18 18 11 20 20 20 20 20 20  9 20  6 20 20 20 20 13  9  3 24  8  8 19  8  8
  9  1 24 19 11  9 19 20 20 17 20 18 20 13  2 19 12  3 20 25 10  9 20  9 20
 10 10 18 18  9  0  0  1  1  7  8  2 17 19 19 19 19 17 20 15 20 20 11 11 20]
second results from LDADBN, presion, recall, F1, accuracy: 
(0.65840455840455847, 0.68845134828741383, 0.67309279886591933) 0.76
top layer hidden units:  [1100]
predict_y:  [20  1 10 11  1 11 11 11 11 11  8 11 11  2  1 11 11 25 11 11 20 11 13 13 18
 18 18 11 20 20 20 20 20 20  9 20  6 20 20 20 20 13  9 16 24  8  8 19  8 22
 25  1 24 19 11  9 19 20 20 17 20 18 20 13  2 19 12  3 20 25 10  9 20  9 20
 10  1 18 18  9  0  0 13  1  7  8  2 17 19 19 19 19 14 20 15 20 20 10 11 20]
second results from LDADBN, presion, recall, F1, accuracy: 
(0.62147266313932981, 0.66340581094679452, 0.6417549743207478) 0.76
Finish all using  99.52 mins
------------------------------------------------------------------------------
