first results from right DBN , presion, recall, F1, accuracy: 
(0.48360389094442296, 0.43369983490692104, 0.45729439825022722) 0.516161616162
second results from LDADBN, presion, recall, F1, accuracy: 
(0.47603674258958328, 0.41837285018899989, 0.44534595871937338) 0.513131313131
third results from GNaiveBayes , presion, recall, F1, accuracy: 
predict_y:  [ 8 23  2 16  8 23 25  1 17  8 19 22  0 12  5  1 12 25 20  0 23 11 13  8  5
  8  8  9 23  8 23  8 19  9 13 17 11 11  0 17  9 18  3  3 11  8 22  5 13 22
  8 16  8 11  6  5 24  8 13 22 23 13 19 19 23 19 23 22 16  2 24 19 22 16 23
 21 19 22 23 22 18 11  9 13 18 20  8 24 11 12 13  8 18  8  8 23 13 22 23  8
  3 22  8 13 11  9 23  8 13  8 18  0 23 18 13  9 22 13 25 13 23  2  0 20 16
  8 20 11  8 25 24 22 19 24  9 19 23  9 11 18 11  5 23 18  9 22 16 15 23  6
 17 23 22 18 24  1  9  3 18 16 16  3  1 22 22  1 13  1 19 18  3  2 11 16 19
 17 22  5  0  9  9 23 18 22  9  6 17 18  1  2  9  3 23 19  9 23 11 11  8  8
 16 13  8  2  2  8 19 18 21 23 16  2 21 18 11  8  1  3 25 24 13 18 18 24 11
 23  1 16 19 11  8  8 18 18 18  2  3 23 20 21 11 11 18 24 11  8 19 21 21 16
 21 23 23 23 22 16  1 22 17 23 16 18 17  9 23 25 19 24 18 24  8 16 19  1 13
 19  8  2 12  8  8  3 17 17  9 23  1 18  2 25  8  8  8 23 12  3 23  5 22  0
 18 18 23 16  6  1 16 11 22 23  2  9 11 16 11 23 23 19 13 16  1  3 19  8 18
  1  5 17 23  8 24 25 25 16 16  8  3 16 16 23 19 22  9 19  1 11 22 19 22 16
 22 16  8  5 24 16  9 15 13 16  9 18  5  8  3 23  3  8 19 24 18 19  9 18  9
  9 25  5  8  8 22 11  9 12 15  3 23  0  8 13 22  3 16  8  9  8  8 13  2 22
  0 16 11  8 23 16  2 11 24 22  9  1 20  0  8 23 22 11  1 23 18 16 23 18  6
  8  8  8 11  5 22 11 21 18 22 17 19 23  5 20  5 21 23 22  6 22  3 22  1  1
  9  8 22  3 11  8 19 19 23 22  1 22 11 18  3 13  8  5 18  0 13  8  9 18 23
 21  1  8 18 11 19 23 22 16 22 18 18 25 21 22 19 18  8 23 19  2  8  1 22 19
  0  8  8  8 11  8 11 11 16 19  1 23 16 22  8  1 17 22 11  3 13 19 22 13 22
 11  3 11 11 12  3 15 13 11  1 23  1  8 18 19  8  8 11  8  3  6  1 21 16 18
  6 23 11 11  0  3 23 25 15  3 22 23 24  1 25  3 11 16 11 11 18 23  5  8 17
 16 19  9  3 23  8 25  2 23 16 23  8  0  3 18 23 23 18 23 16 24  8  9  1 25
 13  8 16 25 22  2  8 18  8 24 24 16  1 20 18 23 18  8  9  0 19  9  3  9  8
 19 23  1 23 17 19 11  9 11 24 16 18  8 18  0 25 23 13 22  1 19  2  8 19 19
  8 16 15 23  8  8 16 11  8 22 22 25 22 13  8 21 20 13 23  8 23 11 18 17 19
 18  8 24 24 17  8 22 13 23 24 23 22  1 23 18 12 11 11 22  2 19 24 11 23 24
  9 22 22 16 13 11 13 13  8  5 13  8 16 11  8  8 19 22 22  5 25  9 19 16  8
 11  5 20 16  3  5  9 15  8 23  0 11 16 19 23 24 22 11  8  1  3  5  9  5 13
 13  8 22  8 11 16 22 13 20  8  2 19 16 15 23 22  5 22  0 25  1 23  5 24 23
 18 18 23 16  1 11 17 24 16  1 12 17  2 18  2  1 15 18 23  1  8 16 11  1 18
 15 18 16 16 13  8 24 25 11 11 24 23 24 24 21  8 18 22  2  3 23 23 23  1 24
 17 22 20  3  9 13  1  9 22 11 22  8 24  1 16 19 13 13 21  3  8 15  8  3  8
  9 11 17  5 16  2  8 22 11  8 22 19 16  1  0 16  0 23  8 17  1  8 20 22 19
 15 19 13 11 23  3 19  8 23 11 11 11 17 19  5  9  8 19 23 24 15 11 18  8 25
 23 15 23  5  8 19 23  6 25  8  6 18 18  3  8 16 16 23 23 19  1 11  8  2  8
 20 18 22 18 21 19  3  1  3 18  3  1 11 22 11  8  9 18 13  1  8 23  9  1 19
  8  9  2 16 11 25  8  6 18 23 19 18  9 20 22 23  8 23 12 22 22 25 18 18 24
  1  9 20 16 19  8  8  3 18 23  3 20 13  9 24]
(0.46318673648426795, 0.38630707132550191, 0.42126807753759055, 0.4444444444444444)
third results from LogisticRegression , presion, recall, F1, accuracy: 
predict_y:  [15  3  2 16  8 23  1 21 17  9 17 22  0  6  5 14  6 18 20  0 22 12 13  5  5
  1  8 20 22  8 20  8  6 20 13 17 12 11  0 17  9  0 16 14 19  8 12  5 19 22
  8 16 25 19  6  5 24  8 13 22  2 13  2 19 23 17  0 22 23  2  8  8 20 16 22
 25  6 22 14 22 12 22 17 13  0 16 12  3 11 12 13 12  0  2 18 23 13 22 13  3
  6 22  8 13 15 24 23  8 17  6 19  0 11 25 13 18 22 13 25 13  3  8 19 16 16
 17 20  6 12 25  8 17 25 24  9  5  3 24  8 19 11  1 22 18  9  6 16 15 20 18
 17  5 22 18  1  1  9  3 24 21 16 14 12 22 25  0 13 25 15 15  3  2 13 16 23
 17 13  5  0  9  9  5 11 22  9  6 17 18  1  9 17 20  6  8 19  3  9 11 22  6
 16 13  8  2  3  8 22 23  2 20 16  2 21  1 11  6 21 11 25  1 13 22 23 18 11
 23 12  0 22 11 16  0  9 18 12  2 12 20 16 21 15 11 19 24 15 18 19 21 19  8
 21 22 11 23 22 16  1 23 17 22  0 15 17 18 22  3 19 11 22 22 13 18 20  1 13
 22 22  2 12 21  5  3 17 17  3  5  1  3  2 12  2 23 22  0 12  3 23  5 17  0
 18 18 22 16  6 23 16  0 22  3  2  3 11 16  9  3  2  2 13 12  3  3 19  3  5
 18  5 17 22 17  8 16 18 16 22 22  3 16 12 18  1 22  3 25  0 15 18 18  0 16
  9 16 18  5 18 16 17 15 13 23 12 20 18  6  3  8 12  6 19 24 15  9  9  6  9
  8 25  9  8  2 22 15  9 12 15 17 23 12 11 13 19  3  0 19  9  8 14 13  0  8
 21  0 11 12 18 25 18 15  1 22 17 11 16  0 15 23 22  6  1  0 18 16 23  3 12
 11  2 11 18  5 12 15 21 15 19 17 15 23 23 20  1 19 23 22  6 22  3  3  1 11
  3 22 22 17 18 15 15 19 23 22  1 22 11 18 17 13  6  3 18  0 17  8 11 12 23
 25  1  8 22 11 19 23 22  0  0 25 12 23 22 23  2 20 16 23  2 20  3  1 22 22
  0 17 11  8  3 15  6  9 16 19 13  6 16 22 22  3 17  9 15  6 19  0 18 13 22
 25  6  5  6 12 18 15 13 11  1 23 25 22  0 15  2 11 12 17 18  6 23 21 16  9
  6  2 15  9  0 12 23  1 15  3 22 23 11  1 21  9 12 21 15  8 22 23  5 11 17
  0 22  6 17  6  0 25  2  0 15  0  8  9  3  0 20 20 15 18 13 11  6  9  1 25
 13  3 23 25 21  0  2  3 15 20 12 16  3  9 12  2  9 22 19  0  5  9 12  1 22
  8  0  1 23 17 22  3 21 15  1 16  9  8 22 21 22  3 13 22  1  8  2  6 15 22
  8  3 15 23  8 11 16 15  2 22 25 25 22 19 11 21 20 13  0 13 23 15 18 17 18
 18 22  1  6 17 18 22 13  0 20  9 18  9 12  0 12  6  6 22  8  0 16 18  3 24
 12 18 22 16 13  5 13 13  6  5 13 19 16 13  3 12  1  5 22  5  3 18 19 16  8
  2 15  2 23  3  5 19 15  9 23  0 12 16  8  0  1  8 15 22 12  1 15  9  5 13
 13  0 12  3  6 16  0 13 20 25  2 20 16 15  0 21 11 20  0 19  9 22  5 13  0
 12 17  0 16  1 15 17  1 22 20 14 17  2 24 23  1 15  5 23  0 25 16 11  1 18
 15 18 16 16 13 23 18 11 15  0  1 22  2 24 21  1 25 23  2  3 18 20 20 18  1
 17 22 20  6  6 25 21  9 22 20 22 16  1  3  8  2 13 13 22 12 23 15  5 17  8
  3 15 17  5 18  2  8 12 13  2 22 19 16 21 11 16  0  5 22 17  1 17 20 19 21
 15 17 13 11 20  6  8  8 23 11 11 13 17 19  9 17 12 12 20 12 15  9 22 22 25
 13 15 22  5  1 19 22  6 25  8 15 22 11  3  5 16 16 22 23 19 15 15  2  2 12
 20 25 12  6  8 18  8  1 12 18 17  1 15 22  6  8  1  0 17  1  8 17  9  1  3
 23  8  2 16 11 25 22  6 22 11 21 25  1 20 22 23  8 23 17 22  8 12  9 18  0
  1  9  9 16 15  3  2 18 18 12 17 16 13 19 22]
(0.52177778623010562, 0.44910342166407985, 0.48272061965749502, 0.5656565656565656)
fifth results from SVM, presion,recall,F1,accuracy
predict_y:  [2, 2, 2, 2, 2, 2, 2, 2, 2, 2, 2, 2, 2, 2, 2, 2, 2, 2, 2, 2, 2, 2, 2, 2, 2, 2, 2, 2, 2, 2, 2, 2, 2, 2, 2, 2, 2, 2, 2, 2, 2, 2, 2, 2, 2, 2, 2, 2, 2, 2, 2, 2, 2, 2, 2, 2, 2, 2, 2, 2, 2, 2, 2, 2, 2, 2, 2, 2, 2, 2, 2, 2, 2, 2, 2, 2, 2, 2, 2, 2, 2, 2, 2, 2, 2, 2, 2, 2, 2, 2, 2, 2, 2, 2, 2, 2, 2, 2, 2, 2]
(0.39000000000000001, 0.20000000000000001, 0.26440677966101694, 0.39)
sixth results from Perception, presion,recall,F1,accuracy
(0.40571838149327522, 0.38232407639735583, 0.39367398019910838, 0.47575757575757577)
seventh results from Decision Trees, presion,recall,F1,accuracy
predict_y:  [18 15  2 16 20 23 21 24  3  2 14 22  0  8  5 17  6 22 19  0 22  2 13  5  5
 21  8  8 19 13 13 21 19 18 13 14 12 12 19  3 12  0  9 12  8 23 17  5 12  0
 23 20 11 18  6  5 24  8 13  8  3 13 19  8 24 19 24 18 20  6 16 19 23 16 23
  8 19 22  9 23  9 22 17 13  3 16 12  8 13  9 13 19 18  2 18 23 13  9 20 21
  6 21  8 13 15 25 23  8 13 14  3 19 22 19 13  0 22 13  8 13 15  8 22 16  0
 17 20  6  2 21  8  3  8 24 18 18 24  0  0  3 11 18 19 22  9  6 16 15 21 12
 13 24 20 18  1  1 12  3 20 22 15 10 16  6  8 19 13 21 19 15 12  2 13 16  0
 17  8  5  0 19 12  5  8 23  9  9 17  5  1  6 17 12  6  8  9  3 12 20  5 13
 16 13 23  2  9  8 22  8  2 25 16 19  2 19  0 16  1  9 18 12 13 18 12 19  5
 12  1 23 17  9  9  0 12 17 12 20 12  6 16 16  6 11 12 24 11 23  2 19 21  8
 21  8 22 23 22  9 18 12  3 23  0 11  3  0 18 21 19 21  0 20 11  5 18  8 13
 12 23 19  2 23 18  8 17 14 12 13  1  9  2 16  2  8 25  0 12 15 23  6  3 22
 22 22 22 22 19 22 20 21 22  3 11 13  3 16 13  0 22  2 13 21 19 17 19 11  5
 18  0 17 22 17  8 22  9 23 23 22 18 22 12  9 21  8  9 22 19 15 25 18 22 16
  8 16 16 19 16 16 17 19 13  8 16 12 19  6  8  0 12 19 25  0 20  8  9  6 19
  6 21  5 13  2 22 11 12  9  9 16 12 16 11 13 19  3 23  3  9 13  5 13  2  2
  3 20  3 19 23 11 12 12  9 22  3 20 16  0  8 22 22  6 21 18 18  3 13 12  6
  9 11 11 22 12 12 15 21  8  3 17  5 23 24 20  5  3  0  8  6 20  9  2  1  0
 12 23 12 17  3 18 11 12 23 23 11 21 11 12 17 13  5  9 21  0 17 23 15 12 23
  2  1 23 25  5  9 23 22 21 12 22 19 25 19  3  2 19  9 23  2  8 18 16 11 19
 19 17  5 12  9 15  9 12  3 19 13 14 25 22 23 20 17  5  5 14  8  3 21 13 22
  8  6 16 14  9 20 15 13  5  1 23 19 23  3 11  2 11 12 17  3  6 22  0 16  3
  6  2 15  6  0 19 12  9 15 12  8  8 18  1 19 21  0 16 15  0  8 22  0 15  3
 23 18  6 17 14  8 22  8 22 11 23  8 21 13 25  6  8 14 18 13 23  6  5  1  3
 13 11  3 25  0 22  2  8 15 19  0 23  9 12 16  8 19  2 19  3 19 21 12  1 22
 23 23  3 18 14  0 18  0 20  1 23 12 24 22  3 22  0 13 16 16 24  2  6  5 22
 13  3 11 24 11 24 25 18  2 12 20 21 19  3 13 16 24 13 11 13 23  8 22 17 16
 18  0 21  6  3 18 22 12  3 20 18 24  3 12 12 12  6  9 22 20 19 16 13 22 24
 12 18 22 16  5 17 13 13  3 12 13  3 25 13 11 13 19  5 22 19 21 19  9  5 19
  2  8  6 23  3 18 19 15  8 22 19 20 22  8  3 24  8 15 22 19 18  8 12  0 13
 13  3 20 19  6 16 19 13 24 12 16 18 25  8  0 16 11 22 18 12 21 19 12 19 22
 17 17  0 16  1 15 17 21 23 25  9 17 25 20 11 20  9  5 24 15  8 15 13 19 18
 13 22 16  3  9 22 21  9  9  6 12 23 19 21 21  2 12 19 20  3  5 15 20  0 21
 17 22 20 21  6 19 22 22 22 21  8  2  1 11 16 18 20 13  3 15  8 13  5 17 13
 12 15 17 18 23  8  8 21 13  2 23  1 16 21 22  6 17 24  9  3  1  3 20 19  3
  8 17 13  5 15  6 23  2  0 12 12 18 14 19 19 17 20 12 20 21 15 12  8 22 21
 23 15 23  5 13 19 13 14 21  8  8  9 11 17 22 15 16 23 23 19 23 15  2  2 18
 16 12 12 19 20 19 12 21  0 12 17 21 18 21  6 16 16 16  8 18 24 13  9  1  3
 12  3  2 25 13 21 23  6  0 13  1 12  8 16 21 22 13 23 19 22 20 12  5  0 20
  9 16 21  0 15 12  2  0 18  3  3 16 13 19 25]
(0.35186909394158167, 0.34173377181595249, 0.34672738131434766, 0.4444444444444444)
Finish all using  14.50 mins
------------------------------------------------------------------------------
